1,
0,
1,
0,
-1,
0,
0,
0,
1,
0,
0,
0,
0,
0,
-1,
0,
-1,
0,
0,
0,
0,
0,
0,
0,
0,
0,
0,
-1,
-1,
1,
0,
0,
1,
0,
0,
0,
0,
1,
0,
0,
0,
0,
0,
0,
0,
0,
1,
0,
0,
0,
1,
0,
-1,
0,
0,
0,
-1,
0,
-1,
0,
0,
0,
0,
0,
0,
-1,
-1,
-1,
0,
1,
0,
0,
-1,
-1,
0,
0,
0,
0,
0,
0,
0,
0,
0,
0,
0,
-1,
-1,
1,
0,
0,
0,
0,
0,
0,
0,
-1,
0,
0,
0,
-1,
0,
0,
1,
0,
0,
0,
0,
0,
0,
0,
-1,
0,
0,
-1,
0,
0,
1,
0,
0,
0,
0,
0,
-1,
0,
0,
0,
-1,
0,
-1,
1,
1,
0,
0,
0,
1,
0,
0,
-1,
0,
-1,
-1,
0,
0,
0,
-1,
0,
0,
1,
0,
0,
0,
0,
0,
0,
0,
1,
0,
0,
0,
0,
-1,
-1,
1,
0,
-1,
0,
0,
0,
0,
0,
0,
0,
0,
0,
0,
1,
0,
0,
0,
-1,
0,
0,
0,
0,
0,
0,
0,
-1,
0,
0,
1,
1,
0,
0,
0,
0,
1,
0,
0,
-1,
0,
0,
-1,
1,
-1,
-1,
0,
0,
0,
0,
0,
1,
-1,
0,
0,
0,
1,
0,
0,
0,
-1,
0,
1,
0,
0,
0,
1,
-1,
0,
0,
0,
0,
0,
1,
0,
0,
0,
1,
0,
0,
0,
0,
0,
0,
0,
0,
0,
1,
-1,
0,
1,
0,
0,
0,
-1,
0,
0,
0,
0,
0,
0,
0,
0,
0,
0,
0,
0,
0,
0,
0,
1,
1,
-1,
0,
0,
0,
0,
-1,
1,
0,
0,
0,
1,
0,
0,
0,
1,
0,
-1,
0,
0,
0,
1,
0,
0,
0,
0,
1,
0,
0,
0,
1,
0,
0,
0,
-1,
0,
0,
0,
0,
-1,
0,
0,
0,
0,
-1,
1,
0,
1,
1,
0,
1,
0,
-1,
0,
-1,
0,
0,
1,
1,
0,
1,
-1,
0,
0,
0,
-1,
0,
1,
0,
0,
-1,
0,
0,
0,
1,
0,
-1,
0,
1,
0,
1,
0,
0,
0,
0,
1,
-1,
1,
-1,
0,
0,
-1,
0,
0,
-1,
-1,
0,
0,
0,
0,
-1,
0,
0,
-1,
-1,
-2,
-1,
-1,
-2,
0,
26,
-25,
103,
-155,
707,
3390,
5404,
7010,
7926,
8051,
7530,
6268,
4415,
2162,
-340,
-2710,
-5009,
-6740,
-7720,
-8162,
-7700,
-6570,
-4824,
-2658,
-207,
2308,
4524,
6428,
7615,
8103,
7905,
6863,
5248,
3094,
679,
-1810,
-4082,
-5808,
-7231,
-7811,
-7676,
-6890,
-5415,
-3407,
-1158,
1250,
3539,
5527,
6955,
7672,
7809,
7114,
5782,
3848,
1616,
-767,
-3116,
-5115,
-6738,
-7564,
-7838,
-7347,
-6054,
-4289,
-2086,
325,
2638,
4820,
6383,
7393,
7741,
7418,
6336,
4589,
2531,
193,
-2192,
-4332,
-6085,
-7222,
-7726,
-7516,
-6602,
-5062,
-3019,
-777,
1735,
3938,
5728,
7092,
7619,
7610,
6783,
5426,
3461,
1208,
-1086,
-3508,
-5430,
-6847,
-7523,
-7509,
-6977,
-5638,
-3817,
-1665,
683,
2876,
4989,
6505,
7332,
7588,
7087,
5953,
4241,
2117,
-167,
-2496,
-4534,
-6202,
-7247,
-7595,
-7320,
-6183,
-4625,
-2580,
-270,
2044,
4195,
5845,
7116,
7615,
7303,
6255,
4816,
2888,
708,
-1550,
-3635,
-5421,
-6645,
-7276,
-7223,
-6462,
-5154,
-3290,
-1158,
1068,
3242,
5059,
6511,
7204,
7268,
6724,
5521,
3822,
1573,
-647,
-2795,
-4777,
-6185,
-7128,
-7282,
-6940,
-5766,
-4089,
-2142,
183,
2359,
4306,
5887,
6880,
7230,
6918,
5974,
4488,
2515,
389,
-1967,
-3979,
-5556,
-6775,
-7207,
-7059,
-6192,
-4814,
-2927,
-794,
1390,
3515,
5211,
6539,
7171,
7058,
6433,
5104,
3305,
1202,
-964,
-3016,
-4861,
-6185,
-6979,
-7002,
-6495,
-5338,
-3661,
-1616,
532,
2630,
4493,
5965,
6832,
7044,
6691,
5599,
4045,
2074,
-83,
-2217,
-4196,
-5703,
-6771,
-7104,
-6817,
-5927,
-4389,
-2493,
-352,
1816,
3732,
5344,
6432,
6994,
6773,
6040,
4713,
2812,
769,
-1347,
-3381,
-5040,
-6278,
-6863,
-6872,
-6267,
-4979,
-3333,
-1163,
941,
2957,
4775,
6069,
6860,
6865,
6419,
5262,
3667,
1720,
-557,
-2534,
-4237,
-5665,
-6446,
-6717,
-6337,
-5368,
-3867,
-2039,
-8,
2050,
3844,
5436,
6391,
6735,
6445,
5594,
4205,
2407,
398,
-1652,
-3561,
-5075,
-6202,
-6747,
-6509,
-5840,
-4502,
-2806,
-823,
1226,
3163,
4788,
5845,
6506,
6497,
5916,
4728,
3120,
1187,
-795,
-2767,
-4436,
-5744,
-6428,
-6537,
-6095,
-4971,
-3475,
-1590,
432,
2353,
4131,
5486,
6330,
6593,
6227,
5314,
3773,
2007,
5,
-2010,
-3772,
-5307,
-6122,
-6521,
-6213,
-5432,
-4120,
-2306,
-390,
1589,
3419,
4887,
5947,
6441,
6312,
5631,
4396,
2749,
858,
-1068,
-3060,
-4634,
-5751,
-6379,
-6365,
-5857,
-4691,
-3126,
-1255,
727,
2603,
4369,
5629,
6315,
6339,
5680,
4763,
3307,
1567,
-312,
-2192,
-3807,
-5188,
-5952,
-6212,
-5875,
-4982,
-3642,
-1973,
-68,
1795,
3527,
4917,
5807,
6239,
5974,
5229,
3936,
2298,
456,
-1468,
-3188,
-4686,
-5690,
-6179,
-6090,
-5359,
-4134,
-2580,
-814,
1024,
2839,
4291,
5420,
5944,
6034,
5531,
4413,
2937,
1177,
-677,
-2473,
-4053,
-5244,
-5930,
-6035,
-5643,
-4704,
-3298,
-1645,
326,
2137,
3736,
5062,
5787,
6124,
5769,
4936,
3596,
1937,
173,
-1741,
-3386,
-4708,
-5593,
-5954,
-5802,
-5043,
-3850,
-2278,
-484,
1302,
3088,
4483,
5465,
5929,
5817,
5223,
4105,
2583,
879,
-948,
-2683,
-4191,
-5273,
-5815,
-5917,
-5391,
-4382,
-2917,
-1220,
572,
2310,
3794,
4995,
5615,
5793,
5415,
4500,
3181,
1549,
-237,
-1961,
-3562,
-4772,
-5573,
-5852,
-5546,
-4715,
-3473,
-1907,
-147,
1652,
3265,
4589,
5444,
5826,
5671,
4971,
3840,
2214,
478,
-1253,
-2841,
-4131,
-5112,
-5495,
-5489,
-4896,
-3904,
-2518,
-807,
878,
2510,
3925,
4928,
5457,
5518,
5110,
4142,
2789,
1244,
-564,
-2203,
-3638,
-4776,
-5372,
-5564,
-5196,
-4367,
-3114,
-1542,
92,
1908,
3377,
4441,
5233,
5438,
5245,
4432,
3313,
1848,
192,
-1466,
-3009,
-4186,
-5111,
-5438,
-5298,
-4656,
-3565,
-2141,
-524,
1150,
2694,
4017,
4927,
5391,
5357,
4788,
3823,
2439,
861,
-794,
-2398,
-3763,
-4782,
-5206,
-5261,
-4888,
-3937,
-2677,
-1157,
474,
2025,
3458,
4481,
5158,
5283,
5006,
4221,
2959,
1484,
-116,
-1745,
-3174,
-4338,
-5070,
-5324,
-5102,
-4391,
-3329,
-1789,
-196,
1429,
2943,
4076,
5022,
5212,
4927,
4357,
3365,
2086,
472,
-1068,
-2504,
-3747,
-4571,
-5034,
-4955,
-4515,
-3580,
-2329,
-866,
696,
2140,
3511,
4477,
4973,
5006,
4639,
3813,
2614,
1153,
-379,
-1881,
-3201,
-4282,
-4902,
-5038,
-4738,
-3885,
-2822,
-1443,
58,
1542,
2921,
3971,
4716,
4952,
4729,
4097,
3062,
1734,
242,
-1285,
-2649,
-3787,
-4567,
-4952,
-4817,
-4244,
-3285,
-2005,
-540,
953,
2399,
3574,
4452,
4871,
4859,
4472,
3444,
2211,
823,
-657,
-2042,
-3298,
-4193,
-4739,
-4744,
-4426,
-3651,
-2479,
-1101,
361,
1785,
3044,
4057,
4623,
4814,
4546,
3848,
2778,
1454,
26,
-1524,
-2838,
-3879,
-4588,
-4826,
-4624,
-4009,
-3020,
-1718,
-267,
1137,
2523,
3595,
4319,
4711,
4545,
4076,
3145,
1957,
579,
-865,
-2187,
-3406,
-4218,
-4617,
-4626,
-4212,
-3363,
-2222,
-845,
566,
1967,
3156,
4082,
4581,
4631,
4313,
3541,
2476,
1128,
-288,
-1581,
-2781,
-3692,
-4257,
-4443,
-4176,
-3550,
-2546,
-1349,
-3,
1352,
2544,
3562,
4155,
4479,
4273,
3692,
2777,
1590,
265,
-1092,
-2345,
-3356,
-4081,
-4421,
-4328,
-3867,
-3008,
-1903,
-541,
818,
2055,
3090,
3833,
4254,
4243,
3905,
3129,
2076,
855,
-536,
-1811,
-2897,
-3765,
-4193,
-4288,
-3962,
-3297,
-2299,
-1082,
206,
1554,
2692,
3590,
4133,
4308,
4076,
3456,
2525,
1372,
37,
-1227,
-2496,
-3413,
-3905,
-4232,
-4016,
-3522,
-2651,
-1547,
-307,
989,
2145,
3157,
3827,
4168,
4091,
3638,
2850,
1772,
561,
-703,
-1949,
-2952,
-3721,
-4092,
-4130,
-3780,
-3038,
-2018,
-813,
418,
1791,
2551,
4080,
2490,
-440,
142,
-29,
-3,
25,
1,
0,
0,
0,
0,
0,
0,
0,
0,
0,
0,
0,
0,
0,
0,
0,
0,
0,
0,
0,
0,
0,
0,
0,
0,
0,
0,
0,
0,
0,
0,
-1,
0,
0,
0,
0,
0,
0,
0,
0,
0,
0,
-1,
0,
0,
0,
0,
0,
1,
0,
1,
0,
-1,
0,
1,
0,
-1,
0,
0,
0,
1,
0,
0,
0,
1,
1,
0,
0,
1,
0,
1,
0,
0,
0,
0,
0,
0,
0,
0,
0,
0,
0,
0,
0,
0,
1,
0,
0,
0,
0,
0,
0,
0,
0,
0,
0,
0,
0,
0,
0,
0,
0,
0,
0,
0,
0,
0,
0,
0,
-1,
0,
0,
0,
0,
0,
0,
0,
0,
0,
0,
0,
0,
0,
0,
0,
0,
0,
0,
0,
0,
0,
0,
0,
0,
0,
0,
0,
0,
0,
0,
0,
0,
0,
0,
-1,
0,
0,
0,
0,
0,
0,
1,
1,
0,
0,
-1,
0,
1,
0,
0,
-1,
0,
0,
1,
0,
0,
0,
0,
0,
0,
0,
0,
0,
0,
-1,
0,
0,
0,
0,
1,
-1,
0,
0,
1,
0,
0,
0,
-1,
0,
0,
0,
1,
0,
0,
0,
0,
0,
-1,
0,
-1,
0,
1,
0,
0,
0,
0,
0,
1,
0,
-1,
0,
0,
0,
0,
0,
0,
0,
0,
0,
0,
0,
0,
0,
0,
0,
0,
0,
1,
0,
0,
0,
0,
0,
0,
0,
0,
0,
0,
0,
0,
0,
0,
0,
0,
0,
0,
0,
0,
0,
0,
0,
0,
0,
0,
0,
0,
0,
0,
1,
0,
0,
0,
0,
0,
0,
0,
0,
0,
0,
0,
0,
-1,
0,
0,
0,
0,
0,
0,
0,
0,
0,
0,
0,
0,
0,
0,
0,
0,
0,
0,
0,
0,
-1,
0,
0,
0,
0,
0,
0,
0,
0,
0,
-1,
0,
-1,
0,
-1,
0,
-2,
0,
25,
-23,
102,
-153,
707,
3388,
5403,
7009,
7925,
8051,
7529,
6269,
4416,
2163,
-340,
-2708,
-5009,
-6739,
-7721,
-8161,
-7700,
-6572,
-4823,
-2659,
-209,
2307,
4524,
6427,
7615,
8103,
7904,
6864,
5248,
3094,
679,
-1809,
-4081,
-5807,
-7231,
-7810,
-7676,
-6890,
-5416,
-3408,
-1161,
1250,
3538,
5527,
6955,
7670,
7808,
7114,
5783,
3849,
1617,
-767,
-3115,
-5113,
-6736,
-7562,
-7836,
-7347,
-6055,
-4291,
-2087,
323,
2637,
4819,
6381,
7393,
7741,
7417,
6337,
4591,
2532,
193,
-2192,
-4330,
-6084,
-7221,
-7725,
-7515,
-6602,
-5064,
-3019,
-777,
1733,
3937,
5727,
7090,
7618,
7611,
6784,
5427,
3462,
1209,
-1085,
-3507,
-5429,
-6847,
-7523,
-7507,
-6978,
-5638,
-3818,
-1665,
682,
2876,
4989,
6505,
7332,
7587,
7086,
5954,
4241,
2118,
-166,
-2497,
-4532,
-6203,
-7246,
-7596,
-7320,
-6182,
-4624,
-2579,
-270,
2044,
4194,
5845,
7116,
7617,
7304,
6254,
4819,
2887,
709,
-1552,
-3634,
-5420,
-6644,
-7276,
-7224,
-6462,
-5156,
-3290,
-1159,
1069,
3242,
5060,
6511,
7203,
7270,
6725,
5521,
3822,
1574,
-648,
-2795,
-4778,
-6185,
-7127,
-7282,
-6939,
-5765,
-4091,
-2143,
181,
2358,
4306,
5887,
6878,
7229,
6920,
5976,
4489,
2516,
389,
-1967,
-3978,
-5554,
-6773,
-7206,
-7060,
-6192,
-4815,
-2928,
-795,
1390,
3515,
5210,
6538,
7170,
7059,
6435,
5105,
3305,
1201,
-965,
-3016,
-4861,
-6184,
-6980,
-7001,
-6495,
-5338,
-3659,
-1616,
531,
2629,
4493,
5965,
6833,
7044,
6692,
5599,
4045,
2075,
-83,
-2216,
-4194,
-5704,
-6771,
-7103,
-6818,
-5927,
-4388,
-2493,
-351,
1816,
3732,
5344,
6434,
6994,
6772,
6041,
4712,
2812,
767,
-1347,
-3383,
-5041,
-6279,
-6863,
-6871,
-6266,
-4979,
-3333,
-1162,
942,
2958,
4775,
6070,
6860,
6863,
6420,
5260,
3667,
1719,
-556,
-2534,
-4236,
-5665,
-6444,
-6718,
-6339,
-5369,
-3867,
-2040,
-10,
2050,
3843,
5436,
6390,
6736,
6447,
5593,
4207,
2407,
399,
-1653,
-3559,
-5075,
-6202,
-6746,
-6510,
-5839,
-4504,
-2805,
-824,
1227,
3163,
4788,
5843,
6506,
6498,
5918,
4730,
3121,
1190,
-795,
-2767,
-4434,
-5744,
-6428,
-6537,
-6096,
-4972,
-3476,
-1591,
431,
2352,
4130,
5485,
6328,
6591,
6228,
5315,
3775,
2008,
6,
-2010,
-3771,
-5307,
-6122,
-6521,
-6212,
-5431,
-4120,
-2305,
-391,
1588,
3419,
4888,
5947,
6441,
6312,
5631,
4396,
2749,
858,
-1069,
-3060,
-4634,
-5751,
-6379,
-6366,
-5858,
-4690,
-3127,
-1255,
727,
2604,
4370,
5629,
6316,
6339,
5679,
4762,
3307,
1567,
-312,
-2192,
-3808,
-5188,
-5952,
-6212,
-5874,
-4982,
-3640,
-1973,
-65,
1796,
3528,
4917,
5807,
6238,
5973,
5228,
3936,
2298,
454,
-1469,
-3188,
-4686,
-5690,
-6179,
-6088,
-5360,
-4134,
-2580,
-814,
1023,
2838,
4290,
5420,
5942,
6032,
5532,
4412,
2937,
1178,
-676,
-2473,
-4053,
-5245,
-5929,
-6036,
-5644,
-4705,
-3299,
-1645,
326,
2138,
3735,
5063,
5785,
6123,
5771,
4938,
3597,
1939,
174,
-1739,
-3386,
-4708,
-5593,
-5952,
-5802,
-5043,
-3851,
-2279,
-484,
1301,
3086,
4482,
5464,
5927,
5819,
5224,
4105,
2584,
879,
-947,
-2682,
-4191,
-5272,
-5813,
-5919,
-5391,
-4384,
-2918,
-1221,
571,
2310,
3793,
4995,
5615,
5793,
5416,
4501,
3179,
1548,
-237,
-1961,
-3563,
-4772,
-5573,
-5852,
-5547,
-4715,
-3474,
-1906,
-147,
1652,
3265,
4590,
5444,
5826,
5671,
4970,
3839,
2214,
478,
-1254,
-2839,
-4133,
-5113,
-5495,
-5488,
-4895,
-3905,
-2517,
-807,
880,
2509,
3927,
4929,
5458,
5519,
5110,
4140,
2788,
1243,
-565,
-2204,
-3638,
-4777,
-5374,
-5566,
-5195,
-4367,
-3115,
-1541,
94,
1910,
3375,
4441,
5231,
5439,
5247,
4431,
3312,
1849,
193,
-1466,
-3008,
-4186,
-5110,
-5437,
-5299,
-4656,
-3566,
-2141,
-524,
1152,
2694,
4017,
4928,
5391,
5357,
4789,
3823,
2439,
861,
-794,
-2399,
-3762,
-4781,
-5205,
-5261,
-4888,
-3939,
-2676,
-1157,
475,
2024,
3457,
4482,
5158,
5282,
5008,
4221,
2958,
1485,
-116,
-1745,
-3173,
-4337,
-5069,
-5324,
-5103,
-4392,
-3328,
-1790,
-195,
1428,
2942,
4076,
5022,
5211,
4927,
4356,
3365,
2086,
472,
-1069,
-2505,
-3748,
-4572,
-5035,
-4954,
-4514,
-3580,
-2329,
-865,
697,
2141,
3512,
4478,
4972,
5006,
4638,
3812,
2614,
1154,
-380,
-1882,
-3201,
-4282,
-4904,
-5039,
-4737,
-3884,
-2821,
-1442,
59,
1541,
2922,
3972,
4714,
4950,
4730,
4096,
3061,
1734,
242,
-1286,
-2648,
-3787,
-4567,
-4953,
-4818,
-4243,
-3285,
-2004,
-541,
954,
2400,
3575,
4451,
4872,
4859,
4471,
3444,
2209,
822,
-657,
-2044,
-3297,
-4194,
-4740,
-4745,
-4426,
-3652,
-2478,
-1101,
359,
1787,
3045,
4058,
4623,
4815,
4545,
3846,
2778,
1454,
26,
-1525,
-2839,
-3880,
-4588,
-4827,
-4624,
-4008,
-3019,
-1717,
-268,
1139,
2523,
3596,
4319,
4711,
4545,
4076,
3145,
1957,
578,
-866,
-2187,
-3407,
-4218,
-4618,
-4626,
-4210,
-3362,
-2221,
-845,
566,
1969,
3159,
4082,
4581,
4631,
4313,
3541,
2475,
1127,
-289,
-1580,
-2780,
-3692,
-4259,
-4441,
-4176,
-3551,
-2546,
-1349,
-3,
1352,
2545,
3561,
4156,
4479,
4272,
3693,
2777,
1591,
264,
-1090,
-2346,
-3356,
-4082,
-4420,
-4328,
-3867,
-3007,
-1904,
-542,
818,
2057,
3090,
3833,
4252,
4241,
3905,
3130,
2075,
853,
-536,
-1810,
-2896,
-3766,
-4194,
-4288,
-3962,
-3296,
-2299,
-1082,
205,
1555,
2692,
3590,
4134,
4308,
4075,
3456,
2526,
1413,
-39,
-1024,
-2903,
-2019,
377,
-112,
28,
6,
-18,
0,
0,
0,
0,
0,
1,
0,
1,
0,
0,
0,
0,
0,
1,
0,
0,
0,
0,
0,
0,
1,
-1,
0,
1,
0,
-1,
0,
-1,
0,
0,
1,
0,
0,
0,
0,
-1,
0,
0,
0,
-1,
0,
0,
1,
1,
0,
0,
0,
0,
0,
1,
1,
1,
0,
0,
0,
0,
0,
0,
0,
1,
0,
0,
1,
-1,
0,
0,
0,
-1,
0,
0,
0,
0,
0,
0,
0,
0,
0,
0,
0,
1,
0,
0,
0,
0,
0,
0,
0,
0,
0,
0,
0,
0,
1,
1,
0,
-1,
0,
0,
0,
0,
0,
0,
0,
0,
0,
0,
0,
0,
-1,
0,
-1,
0,
0,
0,
-1,
0,
0,
0,
0,
0,
0,
0,
-1,
0,
0,
0,
0,
1,
0,
0,
0,
0,
-1,
0,
0,
0,
0,
0,
-1,
0,
0,
0,
0,
0,
-1,
0,
1,
0,
0,
0,
0,
0,
0,
0,
0,
1,
0,
0,
0,
0,
0,
0,
0,
1,
0,
1,
0,
0,
0,
0,
0,
0,
0,
0,
0,
0,
-1,
0,
0,
-1,
-1,
0,
0,
0,
0,
0,
0,
0,
0,
0,
0,
0,
1,
0,
-1,
0,
0,
0,
0,
-1,
1,
0,
0,
1,
-1,
0,
0,
0,
0,
0,
0,
0,
0,
0,
-1,
0,
1,
0,
0,
-1,
0,
0,
0,
0,
1,
0,
0,
-1,
0,
0,
0,
0,
0,
0,
0,
0,
0,
0,
0,
0,
0,
0,
0,
0,
0,
-1,
0,
0,
1,
0,
0,
-1,
0,
-1,
0,
0,
1,
0,
0,
-1,
0,
0,
0,
1,
0,
0,
0,
0,
0,
0,
0,
-1,
0,
-1,
0,
0,
0,
1,
0,
0,
0,
0,
0,
0,
1,
0,
0,
-1,
0,
-1,
0,
0,
-1,
0,
0,
0,
-1,
0,
1,
0,
0,
0,
0,
0,
0,
0,
0,
0,
0,
0,
0,
0,
0,
0,
0,
0,
0,
0,
0,
0,
-1,
0,
0,
0,
0,
-1,
0,
0,
0,
0,
0,
0,
1,
0,
0,
0,
0,
-1,
0,
0,
1,
1,
0,
1,
0,
1,
1,
0,
1,
-1,
-1,
0,
0,
0,
0,
0,
1,
0,
0,
-1,
-1,
0,
0,
0,
0,
-1,
-1,
0,
0,
0,
-1,
0,
0,
0,
-1,
0,
0,
0,
0,
0,
0,
0,
0,
0,
-1,
0,
0,
0,
0,
0,
0,
0,
1,
0,
0,
0,
1,
0,
0,
0,
0,
1,
0,
0,
0,