1,
0,
0,
1,
1,
-1,
0,
0,
-1,
0,
-1,
0,
0,
0,
0,
0,
1,
0,
0,
0,
0,
1,
0,
1,
0,
0,
0,
0,
-1,
0,
1,
0,
-1,
-1,
0,
0,
0,
0,
0,
0,
0,
0,
0,
0,
0,
0,
0,
0,
0,
0,
0,
0,
0,
0,
-1,
1,
-1,
0,
1,
-1,
0,
0,
0,
0,
1,
0,
0,
-1,
0,
0,
0,
0,
0,
0,
1,
0,
0,
-1,
0,
0,
0,
0,
0,
0,
0,
0,
0,
0,
0,
-1,
0,
-1,
1,
0,
0,
0,
0,
0,
0,
0,
1,
1,
0,
0,
-1,
0,
0,
0,
0,
-1,
0,
0,
-1,
-1,
0,
0,
-1,
0,
0,
-1,
0,
0,
0,
0,
0,
-1,
0,
-1,
0,
0,
-1,
-1,
-1,
0,
-1,
0,
0,
-1,
1,
0,
0,
0,
0,
0,
-1,
0,
-1,
0,
0,
0,
0,
0,
0,
-1,
0,
0,
0,
0,
0,
0,
0,
0,
0,
0,
0,
0,
0,
0,
0,
0,
-1,
0,
-1,
0,
1,
0,
0,
0,
0,
1,
0,
0,
0,
0,
0,
1,
0,
0,
0,
0,
-1,
1,
0,
0,
0,
0,
0,
-1,
-1,
0,
0,
0,
0,
0,
1,
0,
0,
0,
0,
0,
0,
0,
0,
1,
0,
0,
0,
0,
0,
0,
-1,
0,
0,
0,
0,
0,
-1,
0,
0,
0,
0,
0,
1,
1,
0,
1,
0,
0,
0,
0,
1,
0,
0,
0,
-1,
0,
0,
0,
0,
-1,
0,
0,
-1,
1,
0,
0,
-1,
0,
1,
-1,
1,
0,
0,
0,
0,
-1,
0,
0,
1,
1,
0,
0,
0,
0,
-1,
0,
0,
0,
-1,
1,
-1,
-1,
0,
0,
0,
0,
0,
0,
-1,
0,
0,
1,
0,
0,
1,
0,
0,
0,
0,
0,
0,
0,
0,
0,
0,
0,
0,
0,
0,
-1,
1,
0,
0,
0,
0,
0,
0,
0,
0,
0,
-1,
0,
-1,
0,
1,
0,
0,
0,
-1,
1,
0,
-1,
0,
0,
0,
-1,
0,
1,
0,
-1,
0,
0,
0,
0,
0,
0,
0,
0,
0,
-1,
1,
0,
0,
0,
0,
0,
0,
0,
-1,
0,
0,
0,
0,
0,
0,
0,
0,
0,
0,
0,
0,
0,
0,
0,
-1,
0,
0,
-1,
0,
-1,
1,
0,
1,
0,
0,
0,
0,
0,
0,
0,
0,
1,
1,
0,
0,
0,
0,
0,
-1,
0,
0,
0,
0,
-1,
-1,
-1,
1,
1,
-1,
0,
-1,
-1,
0,
-1,
0,
0,
0,
0,
0,
0,
0,
0,
1,
0,
-1,
-1,
0,
0,
0,
0,
0,
0,
1,
0,
0,
0,
0,
0,
0,
0,
-1,
0,
0,
-1,
1,
0,
0,
0,
0,
1,
0,
1,
1,
1,
-1,
0,
0,
0,
0,
0,
0,
0,
0,
0,
0,
1,
1,
0,
0,
0,
0,
0,
0,
0,
1,
0,
0,
0,
0,
-1,
0,
1,
0,
0,
0,
-1,
0,
0,
0,
0,
0,
-1,
0,
1,
1,
0,
-1,
0,
0,
0,
1,
0,
0,
0,
0,
-1,
0,
0,
-1,
-1,
0,
0,
0,
0,
0,
1,
0,
0,
0,
0,
0,
0,
0,
0,
0,
-1,
0,
1,
0,
-1,
0,
1,
0,
0,
0,
-1,
0,
0,
0,
0,
1,
0,
1,
0,
-1,
-1,
0,
0,
0,
0,
0,
0,
0,
1,
-1,
0,
1,
0,
0,
0,
0,
0,
0,
0,
1,
0,
0,
-1,
0,
1,
0,
0,
1,
0,
0,
0,
-1,
0,
0,
0,
0,
0,
0,
0,
1,
1,
0,
0,
0,
0,
0,
0,
0,
0,
1,
0,
0,
0,
0,
0,
0,
-1,
1,
0,
0,
1,
0,
-1,
0,
-1,
-1,
1,
0,
-1,
0,
-1,
0,
0,
0,
-1,
-1,
1,
0,
1,
0,
0,
0,
0,
0,
0,
-1,
0,
1,
0,
0,
0,
1,
0,
1,
0,
0,
0,
1,
-1,
0,
-1,
-1,
1,
0,
0,
-1,
0,
0,
0,
0,
-1,
1,
0,
1,
-1,
0,
-1,
1,
0,
-1,
0,
0,
0,
0,
0,
0,
0,
-1,
0,
0,
-1,
1,
0,
0,
0,
0,
0,
-1,
0,
0,
0,
0,
1,
0,
0,
1,
0,
0,
0,
-1,
0,
0,
0,
1,
0,
0,
0,
1,
0,
1,
0,
0,
0,
0,
0,
0,
0,
1,
-1,
-1,
-1,
1,
0,
-1,
0,
0,
-1,
0,
0,
-1,
0,
0,
0,
0,
0,
-1,
-1,
-1,
0,
0,
0,
0,
1,
0,
1,
0,
0,
-1,
0,
0,
1,
0,
0,
-1,
0,
-1,
1,
-2,
0,
-1,
1,
-1,
0,
-2,
2,
0,
36,
27,
4,
-25,
54,
103,
27,
-155,
-29,
707,
2004,
3390,
4522,
5404,
6231,
7010,
7592,
7926,
8059,
8051,
7868,
7530,
6998,
6269,
5380,
4416,
3355,
2163,
890,
-340,
-1520,
-2710,
-3904,
-5009,
-5963,
-6740,
-7314,
-7720,
-8008,
-8162,
-8058,
-7700,
-7183,
-6571,
-5786,
-4825,
-3763,
-2659,
-1477,
-208,
1072,
2308,
3447,
4524,
5517,
6428,
7127,
7615,
7906,
8103,
8116,
7905,
7457,
6864,
6129,
5249,
4227,
3095,
1905,
680,
-548,
-1810,
-3012,
-4082,
-4967,
-5808,
-6590,
-7231,
-7619,
-7811,
-7832,
-7676,
-7352,
-6890,
-6263,
-5416,
-4438,
-3408,
-2341,
-1159,
55,
1250,
2400,
3539,
4594,
5527,
6316,
6955,
7398,
7672,
7817,
7809,
7569,
7114,
6514,
5783,
4885,
3849,
2746,
1617,
443,
-767,
-1974,
-3116,
-4157,
-5115,
-5994,
-6738,
-7249,
-7564,
-7750,
-7838,
-7712,
-7347,
-6766,
-6055,
-5220,
-4290,
-3247,
-2087,
-866,
325,
1467,
2638,
3786,
4820,
5656,
6383,
6966,
7393,
7626,
7741,
7677,
7418,
6953,
6337,
5542,
4590,
3576,
2532,
1418,
194,
-1022,
-2192,
-3282,
-4332,
-5265,
-6085,
-6731,
-7222,
-7542,
-7726,
-7726,
-7516,
-7123,
-6602,
-5935,
-5063,
-4064,
-3020,
-1955,
-778,
477,
1735,
2891,
3938,
4870,
5728,
6494,
7092,
7445,
7619,
7690,
7610,
7296,
6783,
6161,
5427,
4521,
3462,
2336,
1209,
80,
-1086,
-2307,
-3508,
-4559,
-5430,
-6183,
-6848,
-7308,
-7523,
-7552,
-7509,
-7334,
-6977,
-6389,
-5639,
-4763,
-3818,
-2792,
-1666,
-476,
683,
1775,
2876,
3970,
4989,
5822,
6505,
6997,
7332,
7512,
7588,
7448,
7087,
6562,
5954,
5196,
4242,
3190,
2118,
1022,
-167,
-1354,
-2496,
-3540,
-4534,
-5419,
-6202,
-6813,
-7248,
-7488,
-7596,
-7562,
-7320,
-6836,
-6183,
-5454,
-4625,
-3669,
-2580,
-1437,
-270,
880,
2045,
3170,
4196,
5069,
5846,
6550,
7117,
7469,
7616,
7571,
7304,
6833,
6256,
5603,
4817,
3890,
2889,
1836,
709,
-448,
-1550,
-2598,
-3635,
-4603,
-5421,
-6082,
-6645,
-7053,
-7276,
-7314,
-7224,
-6935,
-6463,
-5854,
-5155,
-4296,
-3291,
-2226,
-1159,
-70,
1068,
2187,
3242,
4186,
5059,
5836,
6511,
6962,
7204,
7275,
7269,
7100,
6725,
6169,
5522,
4761,
3823,
2736,
1574,
447,
-647,
-1706,
-2795,
-3842,
-4777,
-5528,
-6185,
-6740,
-7128,
-7279,
-7282,
-7192,
-6941,
-6457,
-5767,
-4966,
-4090,
-3166,
-2143,
-1017,
183,
1319,
2359,
3343,
4306,
5172,
5887,
6453,
6880,
7139,
7230,
7157,
6919,
6514,
5975,
5309,
4489,
3527,
2516,
1486,
390,
-792,
-1967,
-3037,
-3979,
-4804,
-5556,
-6224,
-6775,
-7092,
-7207,
-7182,
-7060,
-6725,
-6193,
-5536,
-4815,
-3945,
-2928,
-1856,
-795,
274,
1390,
2487,
3515,
4409,
5211,
5912,
6539,
6966,
7171,
7165,
7059,
6831,
6434,
5844,
5105,
4256,
3305,
2285,
1202,
114,
-965,
-1990,
-3017,
-3989,
-4862,
-5571,
-6186,
-6677,
-6980,
-7061,
-7002,
-6831,
-6495,
-5984,
-5338,
-4577,
-3661,
-2653,
-1616,
-567,
533,
1617,
2631,
3580,
4494,
5305,
5966,
6471,
6833,
7018,
7045,
6942,
6691,
6233,
5599,
4859,
4045,
3110,
2074,
992,
-84,
-1155,
-2218,
-3244,
-4197,
-5010,
-5704,
-6291,
-6772,
-7040,
-7105,
-7006,
-6817,
-6462,
-5927,
-5213,
-4389,
-3471,
-2493,
-1456,
-352,
759,
1817,
2784,
3733,
4601,
5345,
5923,
6433,
6811,
6995,
6946,
6773,
6478,
6040,
5447,
4713,
3828,
2812,
1783,
769,
-255,
-1348,
-2405,
-3382,
-4247,
-5041,
-5722,
-6279,
-6659,
-6864,
-6921,
-6872,
-6678,
-6267,
-5669,
-4979,
-4231,
-3333,
-2282,
-1163,
-89,
942,
1952,
2958,
3919,
4776,
5483,
6070,
6548,
6861,
6945,
6865,
6699,
6419,
5931,
5262,
4493,
3667,
2748,
1720,
592,
-558,
-1615,
-2534,
-3378,
-4237,
-5031,
-5665,
-6107,
-6446,
-6654,
-6717,
-6597,
-6338,
-5924,
-5369,
-4670,
-3868,
-2980,
-2040,
-1060,
-9,
1050,
2050,
2950,
3844,
4693,
5436,
5979,
6391,
6644,
6735,
6647,
6446,
6104,
5595,
4948,
4206,
3368,
2408,
1408,
399,
-608,
-1652,
-2646,
-3561,
-4359,
-5075,
-5683,
-6202,
-6577,
-6747,
-6695,
-6510,
-6245,
-5841,
-5249,
-4503,
-3690,
-2807,
-1849,
-824,
208,
1226,
2210,
3163,
4042,
4788,
5371,
5845,
6239,
6506,
6583,
6498,
6280,
5917,
5382,
4729,
3979,
3121,
2164,
1188,
212,
-795,
-1814,
-2767,
-3625,
-4436,
-5160,
-5744,
-6151,
-6428,
-6551,
-6538,
-6382,
-6096,
-5611,
-4972,
-4248,
-3476,
-2594,
-1591,
-565,
432,
1391,
2353,
3268,
4131,
4867,
5486,
5957,
6330,
6546,
6593,
6466,
6228,
5860,
5315,
4597,
3774,
2918,
2008,
1045,
6,
-1029,
-2010,
-2898,
-3772,
-4606,
-5308,
-5786,
-6123,
-6385,
-6522,
-6456,
-6213,
-5873,
-5432,
-4856,
-4120,
-3257,
-2306,
-1343,
-390,
581,
1590,
2557,
3420,
4187,
4888,
5487,
5948,
6265,
6442,
6451,
6312,
6036,
5631,
5072,
4396,
3618,
2749,
1806,
858,
-84,
-1069,
-2089,
-3061,
-3903,
-4635,
-5246,
-5752,
-6126,
-6380,
-6447,
-6365,
-6162,
-5857,
-5360,
-4691,
-3927,
-3126,
-2241,
-1255,
-251,
728,
1664,
2604,
3511,
4370,
5078,
5630,
6021,
6316,
6439,
6339,
6044,
5680,
5276,
4763,
4099,
3307,
2461,
1567,
651,
-313,
-1270,
-2193,
-3021,
-3808,
-4549,
-5189,
-5645,
-5953,
-6146,
-6213,
-6118,
-5875,
-5501,
-4982,
-4348,
-3642,
-2861,
-1973,
-1019,
-68,
863,
1796,
2700,
3528,
4270,
4918,
5430,
5808,
6080,
6240,
6198,
5974,
5639,
5229,
4660,
3936,
3128,
2298,
1411,
456,
-525,
-1469,
-2351,
-3189,
-3971,
-4687,
-5258,
-5691,
-5983,
-6180,
-6216,
-6090,
-5788,
-5360,
-4797,
-4135,
-3393,
-2581,
-1713,
-815,
84,
1024,
1961,
2839,
3591,
4291,
4916,
5420,
5736,
5944,
6048,
6035,
5857,
5532,
5048,
4414,
3701,
2938,
2108,
1178,
239,
-677,
-1570,
-2473,
-3310,
-4053,
-4693,
-5244,
-5662,
-5930,
-6051,
-6036,
-5899,
-5644,
-5256,
-4705,
-4029,
-3299,
-2523,
-1646,
-669,
326,
1265,
2137,
2956,
3736,
4456,
5062,
5494,
5787,
6003,
6124,
6043,
5770,
5389,
4937,
4342,
3597,
2771,
1938,
1082,
174,
-784,
-1741,
-2615,
-3386,
-4071,
-4708,
-5224,
-5593,
-5813,
-5954,
-5956,
-5803,
-5477,
-5044,
-4498,
-3851,
-3108,
-2279,
-1392,
-485,
398,
1302,
2211,
3088,
3833,
4483,
5024,
5465,
5756,
5929,
5948,
5818,
5565,
5224,
4751,
4106,
3362,
2584,
1775,
880,
-41,
-948,
-1820,
-2683,
-3482,
-4191,
-4789,
-5273,
-5605,
-5815,
-5929,
-5918,
-5736,
-5392,
-4940,
-4383,
-3703,
-2918,
-2083,
-1220,
-333,
573,
1465,
2311,
3083,
3795,
4447,
4996,
5378,
5616,
5752,
5794,
5681,
5415,
5013,
4500,
3876,
3181,
2405,
1549,
645,
-238,
-1092,
-1962,
-2806,
-3563,
-4199,
-4773,
-5239,
-5574,
-5759,
-5853,
-5786,
-5546,
-5164,
-4715,
-4158,
-3473,
-2707,
-1907,
-1062,
-147,
767,
1653,
2477,
3266,
3968,
4590,
5077,
5445,
5683,
5827,
5831,
5671,
5366,
4971,
4481,
3840,
3065,
2214,
1355,
478,
-389,
-1254,
-2077,
-2842,
-3515,
-4132,
-4683,
-5113,
-5368,
-5496,
-5547,
-5489,
-5264,
-4896,
-4442,
-3904,
-3265,
-2518,
-1686,
-807,
58,
879,
1691,
2511,
3275,
3926,
4470,
4929,
5262,
5458,
5530,
5518,
5383,
5110,
4685,
4142,
3489,
2789,
2052,
1244,
349,
-565,
-1416,
-2204,
-2939,
-3639,
-4256,
-4777,
-5141,
-5373,
-5503,
-5565,
-5464,
-5196,
-4809,
-4367,
-3815,
-3114,
-2332,
-1542,
-758,
93,
995,
1909,
2711,
3377,
3919,
4441,
4900,
5233,
5386,
5438,
5410,
5246,
4904,
4433,
3909,
3314,
2629,
1849,
1030,
193,
-630,
-1466,
-2275,
-3009,
-3628,
-4186,
-4699,
-5111,
-5347,
-5438,
-5426,
-5299,
-5037,
-4657,
-4169,
-3566,
-2875,
-2142,
-1365,
-525,
336,
1150,
1927,
2694,
3411,
4017,
4510,
4927,
5227,
5391,
5426,
5358,
5139,
4789,
4340,
3824,
3185,
2440,
1650,
862,
49,
-794,
-1619,
-2398,
-3105,
-3763,
-4326,
-4782,
-5062,
-5206,
-5254,
-5261,
-5152,
-4889,
-4464,
-3938,
-3340,
-2678,
-1954,
-1158,
-338,
474,
1244,
2025,
2777,
3458,
4005,
4481,
4880,
5158,
5273,
5283,
5203,
5007,
4677,
4222,
3650,
2960,
2227,
1485,
719,
-116,
-955,
-1745,
-2474,
-3174,
-3804,
-4338,
-4760,
-5070,
-5257,
-5324,
-5280,
-5103,
-4795,
-4392,
-3918,
-3330,
-2599,
-1790,
-986,
-197,
606,
1429,
2227,
2943,
3542,
4076,
4588,
5023,
5232,
5212,
5075,
4927,
4705,
4357,
3890,
3365,
2771,
2086,
1303,
472,
-327,
-1069,
-1779,
-2505,
-3180,
-3748,
-4186,
-4572,
-4869,
-5035,
-5037,
-4955,
-4789,
-4515,
-4101,
-3580,
-2985,
-2329,
-1628,
-866,
-81,
697,
1420,
2141,
2849,
3512,
4048,
4478,
4788,
4974,
5032,
5006,
4887,
4639,
4269,
3813,
3272,
2614,
1894,
1153,
407,
-380,
-1154,
-1882,
-2554,
-3202,
-3790,
-4283,
-4657,
-4903,
-5023,
-5039,
-4958,
-4738,
-4360,
-3885,
-3376,
-2822,
-2171,
-1443,
-689,
59,
802,
1543,
2260,
2922,
3490,
3972,
4382,
4716,
4903,
4953,
4881,
4730,
4466,
4097,
3622,
3063,
2421,
1734,
1011,
243,
-539,
-1286,
-1976,
-2649,
-3262,
-3788,
-4201,
-4567,
-4827,
-4953,
-4929,
-4818,
-4594,
-4244,
-3794,
-3286,
-2698,
-2005,
-1272,
-541,
187,
954,
1702,
2399,
3014,
3575,
4053,
4452,
4728,
4872,
4900,
4860,
4743,
4472,
4020,
3444,
2838,
2211,
1546,
823,
80,
-658,
-1358,
-2043,
-2702,
-3299,
-3788,
-4194,
-4526,
-4740,
-4799,
-4744,
-4627,
-4426,
-4100,
-3651,
-3106,
-2479,
-1798,
-1101,
-385,
362,
1101,
1786,
2423,
3045,
3607,
4058,
4380,
4624,
4772,
4815,
4729,
4546,
4245,
3848,
3351,
2778,
2131,
1454,
763,
26,
-753,
-1525,
-2215,
-2839,
-3390,
-3880,
-4273,
-4589,
-4773,
-4827,
-4761,
-4624,
-4379,
-4009,
-3547,
-3020,
-2419,
-1718,
-987,
-267,
425,
1138,
1843,
2524,
3110,
3596,
3981,
4320,
4584,
4712,
4677,
4545,
4359,
4076,
3665,
3145,
2576,
1957,
1294,
579,
-150,
-866,
-1538,
-2188,
-2822,
-3407,
-3876,
-4219,
-4462,
-4618,
-4671,
-4626,
-4478,
-4212,
-3824,
-3363,
-2834,
-2222,
-1539,
-845,
-150,
567,
1291,
1968,
2581,
3157,
3670,
4083,
4379,
4582,
4661,
4631,
4510,
4313,
3986,
3541,
3028,
2476,
1843,
1128,
401,
-289,
-939,
-1581,
-2196,
-2782,
-3279,
-3692,
-4006,
-4258,
-4407,
-4443,
-4350,
-4176,
-3915,
-3551,
-3086,
-2546,
-1968,
-1350,
-699,
-3,
690,
1352,
1952,
2545,
3099,
3562,
3893,
4156,
4369,
4479,
4436,
4273,
4028,
3693,
3272,
2777,
2221,
1591,
929,
265,
-404,
-1092,
-1751,
-2346,
-2876,
-3356,
-3763,
-4082,
-4301,
-4421,
-4424,
-4328,
-4146,
-3868,
-3477,
-3008,
-2487,
-1904,
-1240,
-541,
149,
818,
1457,
2056,
2598,
3090,
3499,
3834,
4083,
4254,
4299,
4243,
4108,
3906,
3576,
3129,
2614,
2077,
1498,
855,
166,
-536,
-1201,
-1812,
-2359,
-2897,
-3378,
-3766,
-4018,
-4193,
-4286,
-4288,
-4170,
-3963,
-3673,
-3297,
-2835,
-2300,
-1710,
-1082,
-451,
206,
882,
1555,
2154,
2692,
3171,
3591,
3907,
4133,
4271,
4309,
4241,
4077,
3820,
3456,
3016,
2526,
1991,
1372,
703,
38,
-593,
-1228,
-1875,
-2496,
-3024,
-3414,
-3683,
-3906,
-4110,
-4233,
-4189,
-4016,
-3791,
-3522,
-3143,
-2651,
-2106,
-1547,
-951,
-307,
353,
990,
1584,
2146,
2676,
3158,
3541,
3828,
4032,
4169,
4185,
4091,
3896,
3638,
3287,
2850,
2338,
1772,
1173,
561,
-57,
-704,
-1350,
-1950,
-2468,
-2953,
-3379,
-3722,
-3944,
-4093,
-4160,
-4130,
-3997,
-3780,
-3465,
-3038,
-2548,
-2018,
-1448,
-813,
-225,
419,
1136,
1792,
2176,
2552,
3288,
4081,
3960,
2490,
587,
-441,
-303,
143,
199,
-30,
-99,
-3,
69,
25,
-2,
2,
0,
1,
0,
0,
0,
0,
0,
1,
0,
1,
0,
0,
0,
0,
1,
0,
-1,
0,
0,
1,
1,
-1,
0,
-1,
1,
0,
0,
-1,
0,
0,
0,
-1,
1,
0,
0,
0,
0,
-1,
1,
0,
0,
0,
0,
0,
0,
-1,
0,
0,
0,
0,
0,
0,
0,
0,
0,
0,
0,
0,
0,
0,
-1,
-1,
1,
0,
0,
0,
0,
0,
-1,
0,
0,
0,
0,
-1,
0,
0,
-1,
0,
0,
0,
1,
0,
0,
-1,
0,
0,
0,
0,
0,
0,
0,
0,
-1,
0,
0,
1,
0,
1,
0,
1,
1,
0,
0,
-1,
0,
0,
0,
1,
0,
0,
0,
-1,
0,
-1,
0,
0,
-1,
1,
-1,
1,
0,
0,
0,
0,
1,
0,
0,
1,
1,
1,
0,
0,
0,
0,
0,
1,
0,
-1,
0,
1,
0,
0,
0,
0,
1,
0,
0,
0,
0,
-1,
0,
0,
0,
0,
0,
0,
-1,
0,
0,
0,
0,
0,
0,
0,
0,
0,
0,
0,
1,
1,
0,
0,
0,
0,
1,
0,
0,
0,
0,
1,
0,
0,
-1,
0,
0,
1,
0,
0,
-1,
0,
0,
0,
1,
0,
0,
0,
0,
0,
1,
-1,
0,
0,
0,
0,
0,
1,
0,
0,
0,
0,
-1,
0,
0,
0,
0,
0,
-1,
-1,
0,
0,
0,
0,
0,
0,
-1,
0,
0,
1,
0,
0,
1,
0,
0,
0,
0,
0,
0,
-1,
1,
0,
0,
-1,
0,
0,
0,
0,
-1,
0,
0,
0,
-1,
0,
-1,
1,
0,
-1,
0,
-1,
0,
-1,
1,
0,
0,
0,
1,
0,
0,
0,
0,
0,
-1,
0,
1,
0,
0,
1,
0,
0,
1,
0,
0,
0,
0,
0,
0,
0,
-1,
-1,
0,
0,
0,
1,
0,
0,
1,
0,
0,
1,
0,
0,
1,
1,
1,
1,
0,
1,
0,
-1,
0,
-1,
0,
0,
0,
1,
0,
0,
0,
0,
-1,
-1,
-1,
0,
0,
0,
0,
1,
0,
0,
1,
0,
1,
0,
0,
0,
0,
0,
0,
0,
0,
0,
0,
0,
0,
0,
0,
0,
-1,
-1,
1,
0,
0,
1,
0,
0,
0,
0,
0,
1,
-1,
-1,
0,
0,
1,
0,
0,
1,
0,
0,
0,
0,
0,
0,
0,
-1,
0,
0,
0,
0,
-1,
0,
0,
1,
0,
0,
-1,
0,
0,
1,
-1,
0,
-1,
1,
0,
-1,
0,
0,
0,
-1,
-1,
0,
0,
1,
1,
0,
0,
0,
0,
1,
1,
0,
0,
0,
0,
1,
0,
0,
0,
-1,
0,
0,
0,
0,
-1,
0,
0,
0,
0,
0,
1,
0,
1,
0,
0,
1,
1,
0,
-1,
1,
0,
1,
-1,
0,
0,
0,
0,
0,
0,
0,
0,
0,
0,
0,
1,
1,
0,
0,
0,
0,
0,
0,
0,
0,
0,
1,
0,
-1,
0,
0,
0,
-1,
0,
0,
0,
0,
0,
0,
0,
0,
1,
0,
1,
0,
0,
0,
0,
0,
0,
0,
-1,
0,
0,
0,
1,
0,
0,
1,
0,
0,
0,
0,
0,
1,
0,
0,
0,
1,
0,
0,
0,
0,
0,
1,
0,
0,
1,
1,
0,
0,
0,
0,
-1,
0,
0,
0,
0,
-1,
0,
0,
0,
0,
0,
0,
0,
0,
0,
0,
0,
0,
0,
0,
-1,
-1,
-1,
0,
0,
0,
0,
0,
0,
0,
0,
0,
0,
0,
1,
0,
0,
0,
0,
0,
0,
0,
0,
0,
0,
0,
0,
0,
0,
0,
0,
0,
0,
0,
0,
0,
0,
1,
1,
0,
1,
0,
0,
-1,
0,
0,
1,
0,
0,
0,
1,
0,
0,
-1,
0,
0,
0,
0,
0,
0,
0,
0,
0,
-1,
0,
0,
1,
-1,
1,
-1,
1,
-1,
1,
-1,
2,
-2,
2,
0,
36,
26,
4,
-24,
54,
102,
26,
-154,
-27,
707,
2005,
3389,
4522,
5403,
6230,
7010,
7592,
7925,
8059,
8051,
7869,
7530,
6999,
6269,
5381,
4417,
3355,
2163,
890,
-340,
-1519,
-2709,
-3904,
-5009,
-5962,
-6740,
-7315,
-7721,
-8007,
-8162,
-8057,
-7701,
-7182,
-6572,
-5785,
-4824,
-3763,
-2659,
-1478,
-210,
1072,
2308,
3446,
4524,
5518,
6428,
7125,
7615,
7906,
8104,
8116,
7905,
7457,
6864,
6129,
5249,
4226,
3094,
1906,
680,
-547,
-1810,
-3013,
-4082,
-4967,
-5808,
-6591,
-7232,
-7618,
-7811,
-7832,
-7676,
-7352,
-6890,
-6263,
-5416,
-4439,
-3408,
-2340,
-1161,
54,
1251,
2400,
3539,
4595,
5528,
6316,
6956,
7398,
7671,
7817,
7808,
7569,
7114,
6514,
5783,
4885,
3849,
2746,
1617,
443,
-768,
-1974,
-3116,
-4157,
-5114,
-5994,
-6737,
-7248,
-7563,
-7750,
-7837,
-7712,
-7347,
-6767,
-6055,
-5220,
-4291,
-3247,
-2087,
-866,
324,
1466,
2638,
3785,
4820,
5656,
6382,
6966,
7394,
7626,
7742,
7678,
7417,
6953,
6337,
5541,
4591,
3576,
2532,
1416,
193,
-1022,
-2193,
-3282,
-4331,
-5265,
-6085,
-6732,
-7222,
-7543,
-7726,
-7726,
-7515,
-7124,
-6602,
-5934,
-5064,
-4063,
-3019,
-1955,
-777,
477,
1734,
2892,
3938,
4869,
5728,
6495,
7091,
7445,
7619,
7689,
7611,
7296,
6784,
6161,
5427,
4521,
3462,
2337,
1209,
80,
-1086,
-2307,
-3508,
-4559,
-5430,
-6184,
-6848,
-7308,
-7524,
-7552,
-7508,
-7334,
-6978,
-6389,
-5639,
-4761,
-3818,
-2792,
-1666,
-477,
683,
1775,
2876,
3970,
4990,
5823,
6505,
6995,
7333,
7512,
7587,
7447,
7086,
6562,
5955,
5195,
4241,
3190,
2119,
1021,
-167,
-1355,
-2497,
-3540,
-4533,
-5419,
-6203,
-6813,
-7247,
-7487,
-7596,
-7564,
-7320,
-6837,
-6183,
-5453,
-4624,
-3669,
-2580,
-1437,
-270,
880,
2044,
3171,
4195,
5068,
5845,
6550,
7117,
7468,
7617,
7571,
7304,
6833,
6255,
5602,
4819,
3890,
2888,
1836,
709,
-449,
-1552,
-2598,
-3635,
-4603,
-5420,
-6081,
-6645,
-7053,
-7276,
-7315,
-7224,
-6935,
-6463,
-5853,
-5156,
-4296,
-3291,
-2226,
-1159,
-69,
1069,
2187,
3243,
4187,
5060,
5834,
6512,
6963,
7203,
7276,
7270,
7100,
6726,
6170,
5521,
4761,
3823,
2736,
1574,
447,
-648,
-1705,
-2796,
-3842,
-4778,
-5528,
-6186,
-6741,
-7127,
-7278,
-7283,
-7191,
-6940,
-6456,
-5765,
-4965,
-4091,
-3165,
-2143,
-1016,
182,
1319,
2359,
3342,
4307,
5172,
5888,
6453,
6879,
7138,
7230,
7157,
6920,
6515,
5976,
5308,
4489,
3527,
2516,
1486,
389,
-791,
-1968,
-3036,
-3979,
-4804,
-5555,
-6224,
-6774,
-7092,
-7207,
-7182,
-7060,
-6724,
-6192,
-5537,
-4815,
-3944,
-2928,
-1856,
-795,
274,
1391,
2486,
3516,
4409,
5211,
5913,
6539,
6966,
7171,
7165,
7059,
6829,
6435,
5844,
5105,
4257,
3305,
2285,
1201,
114,
-966,
-1991,
-3017,
-3989,
-4862,
-5571,
-6185,
-6677,
-6981,
-7060,
-7001,
-6832,
-6495,
-5985,
-5338,
-4575,
-3659,
-2654,
-1616,
-567,
532,
1617,
2630,
3580,
4494,
5306,
5966,
6471,
6834,
7020,
7045,
6941,
6692,
6233,
5599,
4860,
4045,
3110,
2075,
993,
-84,
-1155,
-2217,
-3244,
-4195,
-5011,
-5705,
-6292,
-6772,
-7040,
-7104,
-7007,
-6818,
-6462,
-5927,
-5214,
-4388,
-3471,
-2493,
-1456,
-352,
758,
1817,
2784,
3732,
4600,
5345,
5923,
6434,
6811,
6995,
6947,
6773,
6478,
6041,
5448,
4713,
3829,
2812,
1783,
768,
-255,
-1348,
-2405,
-3383,
-4247,
-5042,
-5723,
-6279,
-6658,
-6864,
-6921,
-6872,
-6678,
-6266,
-5668,
-4980,
-4231,
-3333,
-2282,
-1163,
-88,
943,
1951,
2958,
3919,
4776,
5483,
6070,
6549,
6861,
6944,
6864,
6699,
6420,
5931,
5261,
4492,
3667,
2749,
1720,
592,
-557,
-1615,
-2534,
-3379,
-4237,
-5030,
-5665,
-6107,
-6445,
-6654,
-6718,
-6597,
-6339,
-5924,
-5370,
-4670,
-3867,
-2979,
-2041,
-1060,
-10,
1050,
2050,
2950,
3844,
4694,
5436,
5979,
6391,
6644,
6736,
6648,
6447,
6105,
5594,
4947,
4207,
3368,
2408,
1408,
399,
-608,
-1653,
-2646,
-3560,
-4359,
-5075,
-5685,
-6203,
-6577,
-6746,
-6695,
-6510,
-6245,
-5840,
-5250,
-4504,
-3690,
-2806,
-1849,
-824,
209,
1227,
2210,
3164,
4043,
4789,
5372,
5844,
6238,
6507,
6583,
6498,
6281,
5918,
5382,
4730,
3978,
3121,
2164,
1190,
212,
-796,
-1815,
-2768,
-3625,
-4435,
-5160,
-5745,
-6150,
-6429,
-6550,
-6537,
-6382,
-6096,
-5612,
-4972,
-4247,
-3476,
-2594,
-1591,
-565,
432,
1391,
2353,
3268,
4131,
4868,
5486,
5957,
6329,
6546,
6592,
6464,
6228,
5860,
5315,
4597,
3775,
2918,
2008,
1045,
6,
-1029,
-2011,
-2898,
-3772,
-4605,
-5308,
-5785,
-6123,
-6384,
-6522,
-6455,
-6212,
-5873,
-5431,
-4855,
-4120,
-3259,
-2305,
-1343,
-391,
581,
1589,
2557,
3420,
4186,
4889,
5486,
5948,
6265,
6442,
6451,
6312,
6035,
5631,
5072,
4396,
3618,
2749,
1806,
858,
-84,
-1070,
-2090,
-3061,
-3904,
-4635,
-5245,
-5752,
-6127,
-6380,
-6447,
-6366,
-6162,
-5858,
-5360,
-4690,
-3927,
-3127,
-2240,
-1255,
-250,
728,
1664,
2605,
3511,
4371,
5078,
5630,
6020,
6317,
6438,
6339,
6044,
5680,
5276,
4762,
4099,
3308,
2462,
1567,
651,
-312,
-1271,
-2193,
-3021,
-3808,
-4549,
-5189,
-5646,
-5952,
-6145,
-6213,
-6118,
-5875,
-5501,
-4982,
-4348,
-3641,
-2862,
-1973,
-1018,
-66,
862,
1797,
2699,
3528,
4270,
4918,
5429,
5807,
6081,
6239,
6198,
5974,
5639,
5228,
4660,
3937,
3128,
2298,
1412,
455,
-524,
-1470,
-2352,
-3188,
-3971,
-4687,
-5258,
-5690,
-5983,
-6180,
-6217,
-6089,
-5788,
-5360,
-4796,
-4135,
-3394,
-2580,
-1713,
-815,
84,
1024,
1961,
2838,
3589,
4291,
4916,
5420,
5736,
5943,
6048,
6033,
5858,
5532,
5048,
4413,
3700,
2937,
2108,
1179,
240,
-677,
-1570,
-2473,
-3310,
-4054,
-4692,
-5245,
-5662,
-5930,
-6050,
-6037,
-5899,
-5644,
-5256,
-4706,
-4030,
-3299,
-2525,
-1646,
-668,
327,
1264,
2138,
2956,
3736,
4457,
5063,
5493,
5786,
6002,
6123,
6043,
5771,
5389,
4938,
4342,
3597,
2771,
1939,
1083,
174,
-784,
-1740,
-2614,
-3387,
-4071,
-4709,
-5223,
-5594,
-5813,
-5953,
-5957,
-5802,
-5478,
-5043,
-4498,
-3851,
-3107,
-2279,
-1393,
-484,
397,
1302,
2211,
3087,
3833,
4483,
5024,
5465,
5757,
5928,
5947,
5819,
5566,
5224,
4751,
4105,
3362,
2584,
1775,
879,
-41,
-948,
-1820,
-2683,
-3480,
-4192,
-4790,
-5273,
-5606,
-5814,
-5929,
-5919,
-5736,
-5391,
-4942,
-4384,
-3703,
-2918,
-2084,
-1221,
-333,
572,
1465,
2311,
3082,
3794,
4447,
4996,
5378,
5616,
5753,
5794,
5681,
5416,
5012,
4501,
3877,
3179,
2404,
1548,
645,
-238,
-1092,
-1962,
-2806,
-3564,
-4198,
-4773,
-5240,
-5574,
-5760,
-5853,
-5786,
-5547,
-5164,
-4715,
-4158,
-3474,
-2708,
-1906,
-1062,
-147,
768,
1653,
2476,
3266,
3968,
4591,
5078,
5445,
5683,
5827,
5831,
5671,
5366,
4970,
4481,
3839,
3067,
2214,
1355,
478,
-389,
-1254,
-2075,
-2840,
-3515,
-4133,
-4684,
-5114,
-5367,
-5495,
-5547,
-5488,
-5265,
-4896,
-4442,
-3905,
-3264,
-2518,
-1687,
-807,
58,
880,
1691,
2510,
3274,
3927,
4469,
4930,
5263,
5458,
5529,
5519,
5383,
5110,
4686,
4141,
3488,
2789,
2051,
1244,
349,
-566,
-1417,
-2204,
-2940,
-3638,
-4255,
-4777,
-5141,
-5375,
-5504,
-5566,
-5465,
-5196,
-4809,
-4368,
-3815,
-3115,
-2333,
-1542,
-758,
94,
996,
1910,
2711,
3376,
3920,
4441,
4900,
5231,
5386,
5439,
5410,
5247,
4905,
4432,
3909,
3313,
2629,
1850,
1030,
193,
-630,
-1466,
-2275,
-3008,
-3628,
-4186,
-4700,
-5111,
-5348,
-5437,
-5425,
-5300,
-5038,
-4657,
-4168,
-3566,
-2875,
-2142,
-1367,
-525,
336,
1152,
1926,
2695,
3411,
4017,
4511,
4928,
5228,
5391,
5425,
5357,
5141,
4790,
4340,
3824,
3185,
2440,
1651,
861,
49,
-794,
-1619,
-2399,
-3105,
-3762,
-4326,
-4782,
-5062,
-5206,
-5253,
-5261,
-5152,
-4889,
-4464,
-3939,
-3340,
-2676,
-1954,
-1158,
-339,
475,
1245,
2025,
2777,
3458,
4004,
4482,
4880,
5158,
5274,
5283,
5203,
5008,
4676,
4222,
3649,
2959,
2227,
1485,
719,
-117,
-954,
-1745,
-2475,
-3173,
-3805,
-4338,
-4759,
-5070,
-5257,
-5324,
-5280,
-5104,
-4794,
-4392,
-3918,
-3328,
-2599,
-1791,
-987,
-196,
607,
1429,
2227,
2943,
3543,
4076,
4587,
5022,
5230,
5211,
5074,
4927,
4705,
4357,
3890,
3366,
2770,
2086,
1302,
472,
-327,
-1069,
-1778,
-2505,
-3180,
-3749,
-4186,
-4573,
-4869,
-5035,
-5038,
-4955,
-4789,
-4514,
-4101,
-3580,
-2986,
-2330,
-1629,
-866,
-80,
698,
1420,
2142,
2849,
3512,
4047,
4478,
4788,
4973,
5032,
5006,
4888,
4639,
4269,
3813,
3271,
2614,
1893,
1154,
408,
-380,
-1155,
-1882,
-2555,
-3202,
-3790,
-4283,
-4657,
-4904,
-5023,
-5039,
-4958,
-4738,
-4360,
-3884,
-3377,
-2822,
-2172,
-1443,
-689,
59,
803,
1542,
2260,
2922,
3491,
3972,
4382,
4714,
4903,
4951,
4881,
4731,
4466,
4097,
3622,
3062,
2421,
1734,
1010,
243,
-539,
-1286,
-1975,
-2648,
-3262,
-3788,
-4202,
-4567,
-4827,
-4953,
-4928,
-4819,
-4594,
-4243,
-3794,
-3286,
-2697,
-2005,
-1272,
-542,
187,
955,
1702,
2400,
3013,
3575,
4053,
4451,
4728,
4873,
4900,
4860,
4743,
4472,
4020,
3445,
2839,
2209,
1546,
823,
79,
-657,
-1358,
-2044,
-2702,
-3298,
-3788,
-4194,
-4524,
-4740,
-4800,
-4746,
-4627,
-4426,
-4100,
-3653,
-3106,
-2479,
-1798,
-1102,
-385,
360,
1101,
1787,
2424,
3045,
3608,
4058,
4380,
4624,
4773,
4815,
4729,
4546,
4246,
3847,
3351,
2778,
2131,
1455,
763,
27,
-754,
-1525,
-2215,
-2840,
-3390,
-3880,
-4273,
-4588,
-4773,
-4827,
-4761,
-4624,
-4379,
-4009,
-3547,
-3020,
-2417,
-1718,
-987,
-268,
425,
1140,
1843,
2523,
3110,
3596,
3980,
4320,
4585,
4712,
4677,
4546,
4359,
4077,
3664,
3145,
2576,
1957,
1294,
579,
-150,
-866,
-1538,
-2188,
-2822,
-3408,
-3875,
-4218,
-4462,
-4618,
-4670,
-4626,
-4478,
-4210,
-3824,
-3363,
-2833,
-2222,
-1539,
-845,
-151,
567,
1291,
1969,
2581,
3159,
3669,
4083,
4377,
4582,
4661,
4632,
4510,
4314,
3985,
3541,
3028,
2475,
1843,
1128,
402,
-289,
-938,
-1581,
-2196,
-2781,
-3279,
-3692,
-4006,
-4259,
-4408,
-4442,
-4351,
-4176,
-3916,
-3552,
-3086,
-2547,
-1968,
-1349,
-700,
-3,
689,
1352,
1953,
2545,
3098,
3562,
3893,
4157,
4369,
4479,
4436,
4273,
4028,
3693,
3272,
2777,
2220,
1592,
929,
265,
-403,
-1091,
-1751,
-2347,
-2875,
-3356,
-3764,
-4082,
-4302,
-4421,
-4425,
-4328,
-4147,
-3868,
-3477,
-3008,
-2487,
-1904,
-1241,
-542,
150,
818,
1458,
2057,
2598,
3090,
3499,
3834,
4083,
4252,
4298,
4242,
4108,
3906,
3577,
3130,
2614,
2076,
1497,
854,
168,
-536,
-1199,
-1811,
-2360,
-2896,
-3378,
-3766,
-4017,
-4194,
-4286,
-4289,
-4170,
-3963,
-3673,
-3297,
-2837,
-2300,
-1710,
-1082,
-452,
205,
882,
1555,
2154,
2692,
3172,
3591,
3908,
4134,
4272,
4308,
4242,
4076,
3821,
3456,
3017,
2527,
2044,
1414,
660,
-39,
-505,
-1025,
-1916,
-2903,
-3082,
-2020,
-478,
377,
261,
-113,
-161,
28,
87,
7,
-54,
-19,
1,
0,
0,
0,
0,
0,
-1,
0,
0,
0,
0,
1,
0,
0,
0,
1,
0,
0,
0,
0,
0,
0,
1,
0,
0,
0,
0,
1,
0,
0,
0,
0,
0,
0,
0,
0,
-1,
0,
0,
0,
1,
1,
0,
-1,
0,
0,
0,
1,
0,
0,
0,
-1,
0,
0,
-1,
-1,
0,
0,
0,
0,
0,
1,
0,
0,
0,
0,
0,
-1,
0,
0,
-1,
-1,
0,
0,
0,
0,
0,
0,
0,
-1,
0,
0,
0,
0,
-1,
1,
0,
1,
0,
-1,
0,
0,
-1,
0,
-1,
0,
1,
0,
1,
1,
0,
1,
1,
1,
0,
-1,
0,
0,
0,
0,
0,
0,
0,
0,
-1,
1,
0,
0,
0,
1,
0,
0,
0,
0,
1,
1,
0,
-1,
0,
1,
0,
0,
1,
0,
1,
-1,
0,
0,
-1,
0,
0,
0,
0,
0,
1,
-1,
0,
0,
0,
0,
-1,
0,
-1,
1,
1,
0,
0,
0,
-1,
1,
0,
-1,
0,
0,
0,
0,
0,
0,
0,
0,
0,
0,
0,
0,
1,
0,
0,
0,
0,
0,
0,
0,
0,
0,
0,
1,
1,
1,
0,
0,
-1,
-1,
1,
0,
0,
0,
0,
0,
0,
0,
0,
0,
1,
0,
0,
0,
1,
0,
0,
0,
0,
0,
0,
0,
0,
0,
0,
-1,
0,
0,
0,
-1,
0,
0,
1,
0,
0,
0,
0,
-1,
0,
0,
1,
0,
-1,
1,
0,
0,
0,
0,
0,
0,
1,
-1,
0,
-1,
0,
0,
0,
0,
0,
1,
0,
0,
-1,
1,
0,
0,
0,
0,
0,
0,
0,
0,
0,
-1,
0,
-1,
0,
0,
0,
0,
0,
0,
0,
-1,
0,
-1,
1,
0,
0,
0,
1,
0,
0,
0,
0,
0,
0,
-1,
-1,
0,
0,
1,
0,
0,
-1,
0,
0,
1,
0,
0,
0,
0,
0,
0,
0,
0,
0,
0,
-1,
1,
-1,
0,
0,
0,
0,
0,
0,
0,
0,
0,
0,
0,
0,
0,
1,
1,
0,
0,
1,
1,
0,
0,
0,
0,
0,
0,
0,
0,
0,
1,
0,
0,
0,
0,
0,
0,
0,
0,
0,
0,
1,
-1,
0,
-1,
0,
1,
0,
-1,
0,
-1,
1,
0,
0,
0,
0,
0,
0,
0,
1,
0,
0,
0,
0,
0,
-1,
0,
1,
0,
0,
0,
-1,
0,
-1,
1,
0,
0,
0,
-2,
0,
0,
0,
0,
-1,
1,
0,
0,
0,
-1,
0,
1,
0,
0,
0,
0,
0,
1,
0,
-1,
0,
0,
0,
0,
-1,
0,
1,
0,
-1,
0,
1,
-1,
-1,
0,
-1,
0,
0,
0,
-1,
-1,
0,
0,
0,
1,
0,
-1,
0,
0,
1,
-1,
0,
0,
0,
0,
0,
0,
-1,
0,
0,
1,
0,
0,
0,
0,
0,
-1,
0,
0,
0,
0,
0,
0,
0,
0,
0,
0,
0,
0,
0,
0,
0,
0,
0,
0,
-1,
0,
0,
0,
0,
0,
0,
0,
0,
0,
0,
0,
0,
0,
0,
0,
1,
-1,
0,
1,
0,
0,
0,
1,
0,
0,
0,
0,
0,
-1,
0,
0,
0,
-1,
0,
0,
0,
0,
1,
1,
-1,
0,
0,
1,
0,
-1,
0,
0,
-1,
0,
0,
0,
-1,
1,
0,
0,
0,
0,
0,
0,
1,
0,
0,
0,
0,
0,
-1,
1,
0,
-1,
1,
0,
0,
-1,
0,
0,
0,
0,
1,
0,
0,
1,
-1,
0,
0,
0,
0,
0,
-1,
0,
0,
0,
0,
0,
0,
1,
0,
0,
0,
1,
-1,
-1,
0,
0,
1,
-1,
-1,
1,
0,
0,
-1,
-1,
0,
0,
-1,
1,
0,
1,
0,
-1,
0,
0,
1,
1,
0,
0,
0,
0,
1,
0,
-1,
0,
0,
-1,
0,
0,
0,
0,
0,
0,
0,
0,
0,
0,
1,
0,
0,
1,
0,
0,
0,
0,
0,
0,
-1,
1,
1,
0,
0,
0,
0,
0,
0,
-1,
0,
0,
-1,
-1,
0,
0,
0,
-1,
0,
0,
0,
0,
1,
-1,
0,
1,
0,
0,
0,
0,
0,
0,
0,
0,
0,
0,
0,
1,
-1,
0,
1,
0,
0,
0,
0,
0,
-1,
-1,
0,
0,
0,
0,
1,
1,
0,
1,
0,
0,
1,
1,
0,
0,
0,
1,
0,
1,
0,
0,
0,
1,
0,
-1,
0,
-1,
0,
0,
0,
0,
-1,
0,
0,
0,
0,
0,
0,
1,
0,
0,
0,
0,
-1,
-1,
0,
-1,
0,
0,
1,
0,
0,
0,
0,
0,
0,
-1,
-1,
-1,
0,
0,
0,
0,
0,
0,
0,
-1,
-1,
0,
0,
0,
0,
0,
0,
-1,
0,
-1,
-1,
0,
0,
0,
0,
0,
-1,
1,
0,
0,
0,
0,
-1,
0,
0,
1,
0,
-1,
0,
0,
0,
0,
-1,
0,
0,
0,
-1,
0,
0,
0,
-1,
0,
0,
1,
0,
0,
0,
0,
0,
1,
0,
1,
0,
0,
0,
0,
0,
0,
0,
0,
0,
1,
0,
0,
0,
1,
0,
0,