0,
0,
1,
0,
0,
1,
0,
0,
0,
0,
0,
-1,
0,
1,
0,
0,
0,
0,
0,
-1,
1,
0,
0,
0,
0,
0,
0,
0,
0,
0,
0,
0,
0,
0,
0,
0,
0,
0,
0,
0,
0,
0,
0,
0,
0,
0,
0,
-1,
0,
0,
0,
0,
0,
0,
0,
0,
0,
0,
0,
-1,
0,
0,
0,
0,
1,
0,
0,
-1,
1,
0,
0,
0,
1,
1,
0,
-1,
0,
0,
0,
-1,
0,
0,
0,
0,
0,
0,
0,
0,
0,
0,
0,
0,
0,
0,
1,
0,
-1,
0,
-1,
0,
0,
0,
0,
0,
0,
0,
0,
0,
0,
1,
1,
0,
0,
-1,
0,
0,
0,
-1,
0,
-1,
0,
0,
0,
1,
0,
0,
0,
1,
0,
0,
0,
1,
0,
0,
0,
0,
0,
0,
0,
0,
0,
0,
0,
1,
0,
0,
0,
0,
0,
0,
0,
0,
0,
0,
-1,
0,
0,
0,
0,
0,
0,
1,
-1,
0,
0,
1,
0,
0,
0,
0,
0,
0,
0,
0,
0,
0,
0,
0,
0,
0,
0,
0,
0,
0,
0,
0,
0,
0,
0,
0,
0,
0,
0,
0,
0,
0,
0,
0,
0,
0,
0,
0,
0,
0,
0,
0,
0,
0,
0,
0,
0,
0,
0,
0,
0,
0,
0,
0,
0,
0,
0,
0,
0,
0,
0,
0,
0,
0,
0,
0,
0,
0,
0,
0,
0,
0,
0,
0,
0,
0,
0,
0,
0,
0,
0,
0,
0,
0,
0,
0,
0,
0,
0,
0,
0,
0,
0,
0,
0,
0,
0,
0,
0,
0,
0,
0,
0,
0,
0,
-1,
0,
0,
0,
0,
0,
0,
0,
0,
0,
0,
0,
0,
0,
0,
0,
0,
0,
0,
0,
0,
0,
0,
0,
0,
0,
0,
0,
0,
0,
0,
0,
0,
0,
0,
0,
0,
0,
0,
0,
0,
0,
0,
0,
0,
0,
0,
0,
0,
0,
0,
0,
0,
0,
0,
0,
0,
0,
0,
0,
0,
0,
0,
0,
0,
0,
0,
0,
0,
0,
0,
0,
0,
0,
0,
0,
0,
0,
0,
0,
0,
0,
0,
0,
0,
0,
0,
0,
0,
0,
0,
0,
0,
0,
0,
0,
0,
0,
0,
0,
0,
0,
0,
0,
0,
0,
0,
0,
0,
0,
0,
0,
0,
0,
0,
0,
0,
0,
0,
0,
0,
0,
0,
0,
0,
0,
0,
0,
0,
0,
0,
0,
0,
0,
-1,
0,
0,
0,
0,
0,
0,
0,
0,
0,
0,
0,
0,
0,
0,
0,
0,
0,
0,
0,
0,
0,
0,
0,
0,
0,
0,
0,
0,
0,
0,
0,
0,
0,
0,
0,
0,
0,
0,
0,
0,
0,
0,
0,
0,
0,
0,
0,
0,
0,
0,
0,
0,
0,
0,
0,
0,
0,
0,
0,
0,
0,
0,
0,
0,
0,
0,
0,
0,
0,
0,
0,
0,
0,
0,
0,
0,
0,
0,
0,
0,
0,
0,
0,
0,
0,
0,
0,
0,
0,
0,
0,
0,
-1,
0,
0,
0,
0,
0,
0,
0,
0,
0,
0,
0,
0,
0,
0,
0,
0,
0,
0,
0,
0,
0,
0,
0,
0,
0,
0,
0,
0,
0,
-1,
0,
0,
0,
0,
0,
0,
0,
0,
0,
0,
0,
0,
0,
0,
0,
0,
0,
0,
0,
0,
0,
1,
0,
0,
0,
0,
0,
0,
0,
0,
0,
0,
0,
0,
0,
0,
0,
0,
0,
0,
0,
0,
0,
0,
0,
0,
0,
0,
0,
0,
0,
0,
0,
0,
0,
0,
0,
0,
0,
0,
0,
0,
0,
0,
0,
0,
0,
0,
0,
0,
0,
0,
0,
0,
0,
0,
-1,
0,
0,
0,
0,
0,
0,
0,
0,
0,
0,
0,
0,
0,
0,
0,
0,
0,
0,
0,
0,
0,
0,
0,
0,
0,
0,
0,
0,
0,
0,
0,
0,
0,
0,
0,
0,
0,
0,
0,
0,
0,
0,
0,
0,
0,
0,
0,
0,
0,
0,
0,
0,
0,
0,
0,
0,
0,
0,
0,
0,
0,
0,
0,
0,
0,
0,
0,
0,
0,
0,
0,
0,
0,
1,
0,
0,
0,
0,
0,
0,
0,
0,
0,
0,
0,
0,
0,
1,
0,
0,
-1,
0,
0,
0,
0,
0,
0,
0,
0,
0,
0,
0,
0,
0,
0,
0,
0,
0,
0,
0,
0,
0,
0,
0,
0,
0,
0,
0,
0,
0,
0,
0,
0,
0,
0,
0,
0,
0,
0,
0,
0,
0,
0,
0,
0,
0,
0,
0,
0,
0,
0,
0,
0,
0,
0,
1,
0,
0,
0,
0,
0,
0,
0,
0,
0,
0,
0,
0,
0,
0,
0,
0,
0,
0,
0,
0,
0,
0,
0,
0,
0,
0,
0,
0,
0,
0,
0,
0,
0,
0,
0,
0,
0,
0,
0,
0,
0,
0,
0,
0,
0,
0,
0,
0,
0,
0,
0,
0,
0,
0,
0,
0,
0,
0,
0,
0,
0,
0,
0,
0,
0,
0,
0,
0,
0,
0,
0,
0,
0,
0,
0,
0,
0,
0,
0,
0,
0,
0,
0,
0,
-1,
0,
-1,
0,
0,
0,
0,
0,
0,
0,
0,
0,
0,
0,
0,
0,
0,
0,
0,
0,
0,
0,
0,
0,
0,
0,
0,
0,
0,
0,
0,
0,
0,
0,
0,
0,
0,
0,
0,
0,
0,
0,
0,
0,
0,
0,
0,
0,
0,
0,
0,
0,
0,
0,
0,
0,
0,
0,
0,
0,
0,
0,
0,
0,
0,
0,
0,
0,
0,
0,
0,
0,
0,
0,
0,
0,
0,
0,
0,
0,
0,
0,
0,
0,
0,
0,
0,
0,
0,
0,
0,
0,
0,
0,
0,
0,
0,
0,
0,
0,
0,
0,
0,
0,
0,
0,
0,
0,
0,
0,
0,
0,
0,
0,
0,
0,
0,
-1,
0,
0,
0,
0,
0,
0,
0,
0,
0,
0,
0,
0,
0,
0,
0,
0,
0,
0,
0,
0,
0,
0,
0,
0,
0,
0,
0,
0,
0,
0,
0,
0,
0,
0,
0,
0,
0,
0,
0,
0,
0,
0,
0,
0,
0,
0,
0,
0,
0,
0,
0,
0,
0,
0,
0,
0,
0,
0,
0,
0,
0,
0,
0,
0,
0,
0,
0,
0,
0,
0,
0,
0,
0,
0,
0,
0,
0,
0,
0,
0,
0,
0,
0,
0,
0,
0,
0,
0,
0,
0,
0,
0,
0,
0,
0,
0,
0,
0,
0,
0,
0,
0,
0,
0,
0,
0,
0,
0,
0,
0,
0,
0,
0,
0,
0,
0,
0,
0,
0,
0,
0,
0,
0,
0,
0,
0,
0,
0,
0,
0,
0,
0,
0,
-1,
0,
0,
0,
0,
0,
0,
0,
0,
0,
0,
0,
0,
0,
0,
0,
0,
0,
0,
0,
0,
0,
0,
0,
0,
0,
0,
0,
0,
0,
0,
0,
0,
0,
0,
0,
0,
0,
0,
0,
0,
0,
0,
0,
0,
0,
0,
0,
0,
0,
0,
0,
0,
0,
0,
0,
0,
0,
0,
0,
0,
0,
0,
0,
0,
0,
0,
0,
0,
0,
0,
0,
0,
0,
0,
0,
0,
0,
0,
0,
0,
0,
0,
0,
0,
0,
0,
0,
0,
0,
0,
0,
0,
-1,
0,
0,
0,
0,
0,
0,
0,
0,
0,
0,
0,
0,
0,
0,
0,
0,
0,
0,
0,
0,
0,
0,
0,
0,
0,
0,
0,
0,
0,
-1,
0,
0,
0,
0,
0,
0,
0,
0,
0,
0,
0,
0,
0,
0,
0,
0,
0,
0,
0,
0,
0,
1,
0,
0,
0,
0,
0,
0,
0,
0,
0,
0,
0,
0,
0,
0,
0,
0,
0,
0,
0,
0,
0,
0,
0,
0,
0,
0,
0,
0,
0,
0,
0,
0,
0,
0,
0,
0,
0,
0,
0,
0,
0,
0,
0,
0,
0,
0,
0,
0,
0,
0,
0,
0,
0,
0,
-1,
0,
0,
0,
0,
0,
0,
0,
0,
0,
0,
0,
0,
0,
0,
0,
1,
0,
0,
0,
0,
0,
0,
0,
0,
0,
0,
0,
0,
0,
0,
0,
0,
0,
0,
0,
0,
0,
0,
0,
0,
0,
0,
0,
0,
0,
0,
0,
0,
0,
0,
0,
0,
0,
0,
0,
0,
0,
0,
0,
0,
0,
0,
0,
0,
0,
0,
0,
0,
0,
0,
0,
0,
0,
1,
0,
0,
0,
0,
0,
0,
0,
0,
0,
0,
0,
0,
0,
1,
0,
0,
-1,
0,
0,
0,
0,
0,
0,
0,
0,
0,
0,
0,
0,
0,
0,
0,
0,
0,
0,
0,
0,
0,
0,
0,
0,
0,
0,
0,
0,
0,
0,
0,
0,
0,
0,
0,
0,
0,
0,
0,
0,
0,
0,
0,
0,
0,
0,
0,
0,
0,
0,
0,
0,
0,
0,
1,
0,
0,
0,
0,
0,
0,
0,
0,
0,
0,
0,
0,
0,
0,
0,
0,
0,
0,
0,
0,
0,
0,
0,
0,
0,
0,
0,
0,
0,
0,
0,
0,
0,
0,
0,
0,
0,
0,
0,
0,
0,
0,
0,
0,
0,
0,
0,
0,
0,
0,
0,
0,
0,
0,
0,
0,
0,
0,
0,
0,
0,
0,
0,
0,
0,
1,
1,
0,
0,
0,
0,
-1,
0,
0,
0,
0,
-1,
-1,
0,
0,
0,
0,
0,
0,
-1,
0,
-1,
0,
0,
0,
0,
1,
0,
0,
1,
0,
0,
-1,
1,
0,
1,
-1,
0,
0,
1,
0,
-1,
-1,
0,
-1,
-1,
0,
0,
0,
-1,
0,
0,
0,
0,
0,
1,
0,
0,
0,
-1,
0,
1,
0,
0,
0,
0,
0,
0,
0,
0,
0,
0,
0,
-1,
0,
0,
0,
0,
0,
-1,
0,
0,
-1,
0,
0,
0,
0,
0,
0,
1,
0,
0,
0,
0,
0,
0,
0,
0,
1,
0,
0,
0,
1,
0,
1,
-1,
0,
0,
0,
0,
-1,
1,
-1,
0,
0,
1,
0,
1,
-1,
1,
-2,
3,
-1,
3,
-9,
-7,
-9,
-11,
2,
18,
10,
-39,
-97,
-120,
-33,
87,
167,
132,
-18,
-153,
-34,
387,
958,
1276,
1073,
218,
-975,
-1947,
-2101,
-1108,
863,
3023,
4400,
3999,
1763,
-1521,
-4397,
-5542,
-4278,
-1095,
2743,
5565,
6188,
4208,
412,
-3681,
-6363,
-6457,
-3866,
428,
4670,
7103,
6652,
3418,
-1340,
-5660,
-7710,
-6539,
-2663,
2418,
6498,
7992,
6207,
1873,
-3234,
-7044,
-8020,
-5655,
-979,
4193,
7580,
7833,
4843,
-106,
-4990,
-7839,
-7531,
-4105,
946,
5659,
7969,
6983,
3107,
-2072,
-6395,
-8077,
-6510,
-2237,
2892,
6912,
8116,
5985,
1361,
-3835,
-7405,
-7838,
-5093,
-267,
4565,
7571,
7489,
4361,
-546,
-5272,
-7879,
-7210,
-3589,
1591,
6055,
8011,
6672,
2628,
-2472,
-6563,
-8009,
-6148,
-1795,
3328,
7014,
7806,
5353,
695,
-4229,
-7422,
-7607,
-4651,
168,
4981,
7737,
7333,
3929,
-1085,
-5637,
-7850,
-6840,
-2971,
2089,
6335,
7958,
6351,
2147,
-2972,
-6872,
-7937,
-5733,
-1112,
3884,
7293,
7693,
4954,
208,
-4658,
-7644,
-7499,
-4323,
662,
5328,
7816,
7042,
3332,
-1729,
-6087,
-7940,
-6528,
-2503,
2601,
6607,
7939,
6047,
1653,
-3400,
-7050,
-7797,
-5274,
-617,
4325,
7480,
7601,
4624,
-282,
-5078,
-7783,
-7261,
-3682,
1371,
5885,
7970,
6805,
2904,
-2191,
-6386,
-7962,
-6310,
-2035,
3056,
6905,
7882,
5588,
994,
-4020,
-7377,
-7718,
-4930,
-107,
4719,
7655,
7471,
4213,
-772,
-5474,
-7898,
-7020,
-3271,
1831,
6135,
7944,
6508,
2392,
-2702,
-6701,
-7911,
-5848,
-1419,
3606,
7096,
7696,
5162,
499,
-4320,
-7383,
-7439,
-4431,
353,
5033,
7626,
7060,
3585,
-1408,
-5811,
-7840,
-6674,
-2761,
2234,
6358,
7871,
6133,
1873,
-3214,
-6933,
-7761,
-5426,
-855,
3999,
7219,
7509,
4732,
49,
-4708,
-7578,
-7331,
-4041,
983,
5553,
7797,
6825,
3068,
-1881,
-6091,
-7834,
-6366,
-2318,
2715,
6603,
7744,
5686,
1254,
-3668,
-7079,
-7603,
-5026,
-417,
4412,
7456,
7451,
4358,
-582,
-5247,
-7739,
-7037,
-3432,
1536,
5900,
7847,
6590,
2670,
-2380,
-6459,
-7888,
-6047,
-1677,
3332,
6956,
7703,
5313,
782,
-4119,
-7326,
-7553,
-4709,
99,
4821,
7574,
7202,
3823,
-1095,
-5586,
-7776,
-6765,
-3008,
2008,
6181,
7844,
6315,
2172,
-2840,
-6720,
-7806,
-5636,
-1177,
3791,
7176,
7635,
5017,
308,
-4507,
-7471,
-7351,
-4153,
735,
5334,
7735,
6959,
3362,
-1628,
-5940,
-7860,
-6594,
-2601,
2448,
6506,
7831,
5868,
1532,
-3408,
-6899,
-7557,
-5168,
-667,
4080,
7182,
7368,
4524,
-193,
-4875,
-7522,
-7043,
-3671,
1207,
5541,
7633,
6625,
2879,
-2036,
-6144,
-7690,
-6023,
-1883,
3062,
6738,
7666,
5478,
1050,
-3763,
-7046,
-7446,
-4801,
-205,
4531,
7382,
7185,
4030,
-831,
-5307,
-7613,
-6812,
-3206,
1659,
5876,
7702,
6354,
2393,
-2612,
-6517,
-7718,
-5744,
-1408,
3442,
6895,
7534,
5086,
594,
-4189,
-7233,
-7279,
-4328,
472,
5066,
7585,
7014,
3551,
-1330,
-5676,
-7711,
-6602,
-2826,
2126,
6187,
7694,
6010,
1802,
-3115,
-6755,
-7625,
-5378,
-973,
3879,
7163,
7497,
4731,
-35,
-4759,
-7504,
-7166,
-3906,
908,
5358,
7616,
6777,
3183,
-1753,
-5954,
-7717,
-6269,
-2178,
2783,
6611,
7717,
5668,
1347,
-3545,
-6981,
-7575,
-5087,
-494,
4272,
7288,
7274,
4227,
-543,
-5124,
-7584,
-6960,
-3532,
1387,
5721,
7725,
6537,
2592,
-2385,
-6388,
-7759,
-5941,
-1732,
3206,
6809,
7627,
5344,
856,
-3943,
-7135,
-7370,
-4524,
167,
4832,
7499,
7082,
3805,
-1050,
-5444,
-7624,
-6727,
-3050,
1874,
6058,
7733,
6173,
2071,
-2896,
-6642,
-7665,
-5580,
-1222,
3587,
6963,
7514,
4964,
360,
-4455,
-7415,
-7281,
-4170,
644,
5159,
7579,
6916,
3398,
-1519,
-5826,
-7689,
-6360,
-2422,
2526,
6407,
7686,
5839,
1598,
-3254,
-6816,
-7606,
-5257,
-740,
4126,
7236,
7310,
4388,
-313,
-4820,
-7375,
-6942,
-3684,
1048,
5398,
7530,
6562,
2887,
-2043,
-6088,
-7607,
-6006,
-1921,
2895,
6551,
7547,
5445,
1139,
-3664,
-6936,
-7333,
-4706,
-106,
4510,
7295,
7102,
3993,
-710,
-5157,
-7484,
-6735,
-3257,
1590,
5755,
7530,
6203,
2279,
-2560,
-6359,
-7574,
-5703,
-1527,
3311,
6795,
7477,
5057,
514,
-4192,
-7164,
-7194,
-4277,
347,
4858,
7389,
6901,
3618,
-1172,
-5475,
-7530,
-6469,
-2698,
2177,
6163,
7595,
5920,
1846,
-3004,
-6609,
-7541,
-5409,
-1039,
3717,
6948,
7291,
4592,
30,
-4574,
-7306,
-7068,
-3964,
806,
5238,
7517,
6661,
3021,
-1820,
-5923,
-7577,
-6145,
-2245,
2616,
6390,
7565,
5663,
1401,
-3395,
-6797,
-7382,
-4882,
-397,
4284,
7211,
7188,
4244,
-468,
-4971,
-7465,
-6916,
-3502,
1335,
5655,
7613,
6390,
2569,
-2317,
-6226,
-7599,
-5905,
-1769,
3075,
6650,
7462,
5168,
775,
-3927,
-6984,
-7185,
-4470,
85,
4584,
7239,
6945,
3794,
-882,
-5209,
-7359,
-6436,
-2864,
1915,
5894,
7459,
5988,
2068,
-2679,
-6370,
-7471,
-5508,
-1272,
3533,
6838,
7303,
4769,
272,
-4275,
-7090,
-7023,
-4079,
505,
4941,
7372,
6765,
3356,
-1486,
-5675,
-7507,
-6255,
-2450,
2307,
6160,
7495,
5755,
1679,
-3117,
-6575,
-7297,
-5020,
-642,
3957,
6946,
7115,
4362,
-150,
-4653,
-7265,
-6879,
-3657,
1111,
5375,
7409,
6403,
2764,
-1963,
-5920,
-7464,
-5943,
-2015,
2789,
6443,
7433,
5361,
1048,
-3648,
-6821,
-7203,
-4638,
-196,
4362,
7149,
7028,
4046,
-612,
-4990,
-7316,
-6602,
-3121,
1617,
5702,
7438,
6123,
2335,
-2430,
-6195,
-7439,
-5658,
-1546,
3183,
6612,
7290,
4941,
574,
-4052,
-7000,
-7113,
-4334,
268,
4747,
7289,
6798,
3453,
-1283,
-5507,
-7467,
-6377,
-2724,
2055,
5973,
7468,
5915,
1905,
-2871,
-6480,
-7366,
-5179,
-913,
3725,
6791,
7090,
4537,
102,
-4344,
-7039,
-6882,
-3877,
708,
5035,
7268,
6466,
3014,
-1682,
-5651,
-7313,
-5998,
-2198,
2484,
6168,
7297,
5389,
1289,
-3376,
-6647,
-7194,
-4826,
-468,
4048,
6904,
6950,
4148,
-336,
-4704,
-7129,
-6605,
-3354,
1315,
5430,
7335,
6245,
2589,
-2091,
-5946,
-7368,
-5743,
-1749,
3006,
6488,
7267,
5065,
802,
-3737,
-6760,
-7030,
-4428,
-23,
4431,
7031,
6721,
3633,
-995,
-5181,
-7261,
-6384,
-2885,
1751,
5703,
7332,
5959,
2169,
-2540,
-6176,
-7251,
-5323,
-1169,
3428,
6631,
7116,
4694,
393,
-4132,
-6978,
-6960,
-4079,
548,
4910,
7231,
6582,
3210,
-1438,
-5512,
-7340,
-6166,
-2501,
2224,
6041,
7380,
5663,
1570,
-3117,
-6506,
-7216,
-4968,
-729,
3852,
6863,
7063,
4398,
-90,
-4517,
-7082,
-6730,
-3578,
1032,
5222,
7259,
6331,
2827,
-1871,
-5802,
-7358,
-5860,
-1902,
2803,
6358,
7297,
5250,
1097,
-3531,
-6712,
-7158,
-4692,
-285,
4218,
6997,
6870,
3882,
-687,
-4997,
-7228,
-6507,
-3147,
1529,
5555,
7347,
6165,
2431,
-2276,
-6075,
-7346,
-5540,
-1468,
3225,
6559,
7200,
4919,
627,
-3880,
-6833,
-7009,
-4294,
181,
4640,
7157,
6688,
3491,
-1151,
-5272,
-7249,
-6299,
-2737,
1937,
5835,
7310,
5728,
1793,
-2908,
-6407,
-7288,
-5210,
-1002,
3568,
6697,
7104,
4575,
163,
-4362,
-7051,
-6782,
-3751,
800,
4968,
7100,
6353,
3005,
-1551,
-5493,
-7191,
-5938,
-2234,
2439,
6084,
7212,
5369,
1319,
-3213,
-6442,
-7042,
-4759,
-554,
3913,
6761,
6810,
4039,
-442,
-4734,
-7097,
-6548,
-3315,
1241,
5312,
7199,
6164,
2643,
-1992,
-5776,
-7185,
-5617,
-1683,
2906,
6308,
7125,
5028,
914,
-3623,
-6692,
-7011,
-4426,
35,
4445,
7016,
6701,
3644,
-844,
-5012,
-7127,
-6326,
-2967,
1646,
5553,
7158,
5809,
2011,
-2600,
-6160,
-7208,
-5302,
-1262,
3309,
6523,
7079,
4756,
464,
-3992,
-6810,
-6804,
-3951,
510,
4786,
7095,
6504,
3294,
-1293,
-5354,
-7219,
-6099,
-2425,
2233,
5970,
7242,
5553,
1617,
-2994,
-6355,
-7126,
-4994,
-803,
3681,
6666,
6889,
4233,
-156,
-4515,
-7008,
-6626,
-3552,
982,
5088,
7133,
6281,
2848,
-1749,
-5669,
-7221,
-5762,
-1935,
2710,
6194,
7158,
5233,
1145,
-3375,
-6524,
-6966,
-4498,
-214,
4159,
6800,
6659,
3830,
-579,
-4729,
-6969,
-6361,
-3113,
1395,
5352,
7065,
5830,
2224,
-2321,
-5888,
-7047,
-5360,
-1465,
2996,
6250,
6973,
4823,
690,
-3771,
-6666,
-6783,
-4104,
273,
4498,
6891,
6488,
3436,
-983,
-5035,
-7035,
-6126,
-2690,
1905,
5689,
7102,
5597,
1796,
-2707,
-6116,
-7035,
-5083,
-1061,
3419,
6466,
6843,
4392,
99,
-4207,
-6806,
-6626,
-3732,
653,
4810,
7001,
6307,
3007,
-1572,
-5466,
-7084,
-5781,
-2106,
2389,
5935,
7062,
5321,
1430,
-3098,
-6340,
-6972,
-4723,
-477,
3910,
6681,
6715,
3992,
-320,
-4531,
-6895,
-6444,
-3382,
1095,
5108,
7032,
6044,
2514,
-2031,
-5756,
-7097,
-5518,
-1723,
2806,
6176,
7030,
5046,
970,
-3474,
-6478,
-6801,
-4287,
-26,
4264,
6815,
6597,
3702,
-749,
-4888,
-7015,
-6222,
-2823,
1701,
5526,
7079,
5738,
2090,
-2437,
-5968,
-7065,
-5283,
-1312,
3182,
6354,
6862,
4520,
355,
-3944,
-6601,
-6581,
-3889,
424,
4549,
6844,
6343,
3214,
-1221,
-5183,
-6979,
-5865,
-2355,
2126,
5708,
6974,
5409,
1617,
-2813,
-6102,
-6844,
-4739,
-698,
3669,
6506,
6691,
4170,
-84,
-4273,
-6741,
-6475,
-3536,
819,
4852,
6859,
6002,
2675,
-1785,
-5493,
-6956,
-5589,
-1924,
2497,
5941,
6972,
5128,
1185,
-3294,
-6382,
-6800,
-4441,
-256,
3985,
6603,
6555,
3808,
-496,
-4620,
-6821,
-6179,
-2990,
1451,
5280,
6971,
5833,
2302,
-2147,
-5747,
-6996,
-5366,
-1558,
2904,
6134,
6805,
4672,
600,
-3693,
-6479,
-6624,
-4067,
143,
4340,
6765,
6412,
3409,
-1036,
-5005,
-6905,
-5970,
-2580,
1826,
5517,
6958,
5547,
1879,
-2600,
-6006,
-6936,
-4997,
-973,
3398,
6367,
6713,
4317,
186,
-4073,
-6664,
-6543,
-3774,
574,
4651,
6813,
6155,
2908,
-1509,
-5309,
-6926,
-5710,
-2194,
2259,
5797,
6956,
5234,
1312,
-3106,
-6235,
-6796,
-4574,
-532,
3764,
6530,
6631,
4041,
-251,
-4435,
-6789,
-6333,
-3221,
1200,
5129,
6955,
5946,
2540,
-1913,
-5568,
-6961,
-5512,
-1778,
2668,
6032,
6890,
4873,
868,
-3515,
-6446,
-6737,
-4297,
-94,
4126,
6679,
6516,
3677,
-673,
-4779,
-6884,
-6130,
-2859,
1597,
5352,
6933,
5689,
2086,
-2351,
-5847,
-6919,
-5115,
-1224,
3203,
6305,
6828,
4571,
442,
-3824,
-6553,
-6614,
-3943,
359,
4563,
6828,
6232,
3113,
-1263,
-5057,
-6804,
-5811,
-2418,
1941,
5533,
6862,
5348,
1631,
-2796,
-6040,
-6768,
-4722,
-746,
3479,
6296,
6554,
4120,
20,
-4125,
-6555,
-6253,
-3379,
925,
4831,
6756,
5938,
2689,
-1635,
-5306,
-6821,
-5550,
-2019,
2361,
5746,
6751,
4957,
1092,
-3191,
-6172,
-6629,
-4376,
-362,
3845,
6501,
6486,
3791,
-509,
-4575,
-6738,
-6119,
-2990,
1336,
5138,
6834,
5742,
2314,
-2086,
-5587,
-6785,
-5182,
-1417,
2893,
6038,
6717,
4639,
684,
-3590,
-6391,
-6582,
-4095,
87,
4204,
6601,
6268,
3325,
-958,
-4868,
-6761,
-5885,
-2634,
1746,
5403,
6842,
5457,
1770,
-2609,
-5912,
-6793,
-4889,
-1023,
3284,
6248,
6665,
4373,
266,
-3928,
-6515,
-6404,
-3613,
641,
4652,
6739,
6054,
2926,
-1421,
-5180,
-6837,
-5733,
-2265,
2124,
5653,
6832,
5159,
1362,
-2997,
-6093,
-6706,
-4597,
-592,
3637,
6382,
6474,
3868,
-287,
-4310,
-6536,
-6088,
-3182,
1036,
4814,
6638,
5753,
2499,
-1772,
-5338,
-6673,
-5232,
-1639,
2661,
5847,
6657,
4764,
913,
-3260,
-6117,
-6485,
-4180,
-164,
3975,
6467,
6270,
3496,
-730,
-4617,
-6616,
-5912,
-2785,
1442,
5112,
6688,
5514,
2079,
-2271,
-5660,
-6697,
-4993,
-1226,
2989,
5982,
6548,
4425,
516,
-3634,
-6286,
-6333,
-3761,
410,
4404,
6597,
6089,
3082,
-1143,
-4934,
-6725,
-5748,
-2408,
1973,
5514,
6745,
5209,
1542,
-2710,
-5850,
-6614,
-4683,
-850,
3369,
6218,
6519,
4116,
-29,
-4130,
-6523,
-6233,
-3393,
785,
4659,
6630,
5888,
2755,
-1530,
-5165,
-6663,
-5395,
-1869,
2418,
5735,
6695,
4927,
1174,
-3083,
-6059,
-6578,
-4425,
-430,
3708,
6328,
6328,
3676,
-471,
-4449,
-6597,
-6052,
-3066,
1203,
4977,
6718,
5675,
2249,
-2075,
-5556,
-6738,
-5155,
-1504,
2786,
5910,
6618,
4649,
747,
-3433,
-6197,
-6388,
-3905,
149,
4128,
6391,
6038,
3243,
-889,
-4638,
-6510,
-5738,
-2598,
1598,
5170,
6596,
5256,
1761,
-2471,
-5659,
-6528,
-4764,
-1047,
3082,
5948,
6355,
4114,
175,
-3860,
-6306,
-6185,
-3557,
536,
4388,
6470,
5907,
2894,
-1295,
-4969,
-6563,
-5420,
-2063,
2155,
5469,
6552,
4972,
1359,
-2781,
-5811,
-6469,
-4476,
-642,
3508,
6184,
6293,
3811,
-256,
-4168,
-6395,
-6034,
-3194,
923,
4685,
6502,
5611,
2413,
-1812,
-5276,
-6583,
-5200,
-1671,
2509,
5687,
6540,
4711,
985,
-3178,
-6010,
-6346,
-4078,
-91,
3910,
6312,
6151,
3466,
-607,
-4460,
-6499,
-5857,
-2795,
1456,
5074,
6579,
5374,
1957,
-2219,
-5510,
-6566,
-4941,
-1324,
2874,
5895,
6475,
4379,
446,
-3637,
-6204,
-6227,
-3709,
301,
4207,
6395,
5984,
3140,
-1014,
-4739,
-6530,
-5614,
-2337,
1886,
5341,
6585,
5131,
1610,
-2601,
-5756,
-6554,
-4637,
-778,
3357,
6089,
6304,
3952,
23,
-3954,
-6320,
-6126,
-3443,
701,
4536,
6509,
5779,
2621,
-1575,
-5128,
-6573,
-5331,
-1944,
2265,
5543,
6564,
4906,
1212,
-2945,
-5897,
-6395,
-4227,
-343,
3717,
6248,
6222,
3678,
-406,
-4308,
-6461,
-5993,
-3039,
1157,
4894,
6596,
5546,
2227,
-2006,
-5395,
-6594,
-5119,
-1531,
2662,
5768,
6478,
4483,
656,
-3467,
-6160,
-6327,
-3933,
75,
4037,
6374,
6127,
3354,
-804,
-4639,
-6497,
-5633,
-2471,
1680,
5087,
6437,
5180,
1793,
-2309,
-5510,
-6469,
-4761,
-1098,
3055,
5918,
6313,
4116,
236,
-3694,
-6132,
-6075,
-3527,
458,
4291,
6322,
5724,
2775,
-1350,
-4893,
-6457,
-5411,
-2133,
1988,
5324,
6488,
4978,
1448,
-2692,
-5687,
-6314,
-4337,
-554,
3422,
6011,
6148,
3765,
-132,
-4027,
-6280,
-5939,
-3159,
961,
4646,
6395,
5532,
2394,
-1695,
-5111,
-6452,
-5145,
-1735,
2413,
5552,
6393,
4594,
884,
-3149,
-5894,
-6230,
-4010,
-170,
3777,
6187,
6070,
3492,
-530,
-4318,
-6320,
-5700,
-2698,
1401,
4925,
6414,
5295,
2034,
-2096,
-5369,
-6449,
-4854,
-1218,
2877,
5780,
6303,
4247,
495,
-3490,
-6055,
-6156,
-3746,
235,
4111,
6303,
5870,
2982,
-1110,
-4764,
-6447,
-5507,
-2358,
1778,
5161,
6448,
5113,
1647,
-2471,
-5588,
-6389,
-4519,
-806,
3254,
5968,
6251,
4004,
91,
-3850,
-6217,
-5996,
-3276,
731,
4417,
6259,
5537,
2594,
-1437,
-4866,
-6303,
-5173,
-1896,
2143,
5311,
6287,
4651,
1112,
-2907,
-5729,
-6209,
-4160,
-404,
3479,
5956,
6011,
3585,
-318,
-4137,
-6236,
-5732,
-2883,
1151,
4688,
6312,
5374,
2236,
-1802,
-5125,
-6345,
-4952,
-1510,
2590,
5586,
6265,
4373,
692,
-3217,
-5827,
-6069,
-3819,
-21,
3819,
6069,
5796,
3129,
-860,
-4474,
-6261,
-5492,
-2485,
1499,
4916,
6335,
5149,
1829,
-2308,
-5447,
-6307,
-4585,
-985,
2955,
5697,
6134,
4058,
342,
-3559,
-6021,
-6008,
-3515,
471,
4235,
6241,
5673,
2765,
-1237,
-4758,
-6335,
-5311,
-2141,
1931,
5180,
6277,
4794,
1313,
-2683,
-5585,
-6215,
-4297,
-631,
3320,
5914,
6095,
3793,
-77,
-3890,
-6112,
-5808,
-3083,
889,
4506,
6264,
5454,
2433,
-1615,
-5007,
-6340,
-5045,
-1640,
2419,
5480,
6282,
4526,
946,
-3043,
-5775,
-6170,
-4055,
-248,
3639,
6036,
5916,
3323,
-586,
-4234,
-6114,
-5493,
-2655,
1288,
4696,
6213,
5204,
2051,
-1925,
-5136,
-6201,
-4674,
-1238,
2725,
5531,
6076,
4170,
534,
-3296,
-5782,
-5882,
-3519,
276,
3976,
6042,
5634,
2947,
-959,
-4452,
-6138,
-5325,
-2308,
1640,
4936,
6176,
4833,
1513,
-2460,
-5414,
-6150,
-4400,
-846,
3020,
5651,
5990,
3867,
149,
-3671,
-5974,
-5797,
-3231,
671,
4263,
6117,
5476,
2581,
-1348,
-4736,
-6159,
-5027,
-1836,
2139,
5231,
6182,
4609,
1141,
-2763,
-5540,
-6048,
-4089,
-475,
3364,
5805,
5853,
3478,
-381,
-4066,
-6097,
-5631,
-2852,
1054,
4561,
6217,
5319,
2228,
-1826,
-5096,
-6242,
-4818,
-1421,
2503,
5416,
6116,
4322,
788,
-3120,
-5751,
-6019,
-3806,
29,
3819,
6023,
5762,
3137,
-725,
-4302,
-6129,
-5445,
-2551,
1413,
4774,
6162,
4994,
1725,
-2238,
-5301,
-6192,
-4553,
-1094,
2845,
5630,
6095,
4044,
286,
-3558,
-5910,
-5837,
-3377,
441,
4098,
6089,
5602,
2838,
-1112,
-4599,
-6211,
-5249,
-2083,
1918,
5136,
6233,
4772,
1388,
-2576,
-5470,
-6125,
-4287,
-690,
3168,
5730,
5914,
3637,
-134,
-3881,
-6017,
-5694,
-3058,
844,
4367,
6129,
5406,
2449,
-1501,
-4870,
-6215,
-4957,
-1662,
2329,
5332,
6158,
4492,
983,
-2902,
-5610,
-5991,
-3870,
-168,
3642,
5945,
5821,
3352,
-506,
-4133,
-6090,
-5573,
-2729,
1232,
4687,
6160,
5050,
1900,
-2003,
-5047,
-6041,
-4593,
-1260,
2565,
5366,
5980,
4130,
591,
-3237,
-5716,
-5807,
-3513,
233,
3854,
5901,
5562,
2951,
-856,
-4323,
-5996,
-5181,
-2226,
1671,
4866,
6076,
4802,
1547,
-2315,
-5249,
-6040,
-4354,
-907,
2933,
5550,
5865,
3760,
84,
-3610,
-5834,
-5671,
-3198,
560,
4123,
5993,
5403,
2581,
-1347,
-4679,
-6068,
-4961,
-1807,
2043,
5083,
6064,
4565,
1219,
-2658,
-5426,
-5944,
-4004,
-388,
3353,
5725,
5751,
3421,
-275,
-3890,
-5908,
-5516,
-2899,
939,
4377,
6020,
5181,
2157,
-1742,
-4925,
-6078,
-4737,
-1488,
2397,
5312,
6051,
4286,
720,
-3099,
-5620,
-5826,
-3647,
-19,
3648,
5841,
5654,
3172,
-644,
-4194,
-6007,
-5328,
-2421,
1459,
4732,
6060,
4922,
1794,
-2089,
-5112,
-6058,
-4529,
-1123,
2716,
5443,
5905,
3905,
314,
-3427,
-5761,
-5751,
-3405,
371,
4002,
5992,
5477,
2681,
-1165,
-4501,
-5949,
-4980,
-2013,
1803,
4867,
5962,
4632,
1381,
-2403,
-5210,
-5855,
-4053,
-596,
3133,
5567,
5723,
3559,
-72,
-3651,
-5766,
-5536,
-3023,
715,
4186,
5899,
5142,
2284,
-1535,
-4693,
-5932,
-4775,
-1649,
2133,
5070,
5958,
4389,
1013,
-2810,
-5452,
-5819,
-3796,
-219,
3405,
5651,
5604,
3251,
-425,
-3953,
-5833,
-5276,
-2553,
1242,
4517,
5950,
4976,
1969,
-1829,
-4905,
-5985,
-4600,
-1307,
2552,
5315,
5859,
3994,
498,
-3152,
-5532,
-5665,
-3478,
120,
3712,
5790,
5480,
2909,
-886,
-4282,
-5901,
-5094,
-2203,
1561,
4717,
5942,
4737,
1601,
-2229,
-5113,
-5887,
-4235,
-813,
2899,
5428,
5742,
3697,
160,
-3479,
-5701,
-5596,
-3222,
491,
3978,
5828,
5258,
2482,
-1290,
-4542,
-5917,
-4873,
-1874,
1933,
4952,
5936,
4472,
1123,
-2654,
-5321,
-5806,
-3915,
-455,
3210,
5576,
5675,
3459,
-212,
-3794,
-5813,
-5403,
-2732,
1010,
4309,
5821,
4962,
2121,
-1598,
-4659,
-5819,
-4606,
-1487,
2233,
5042,
5756,
4077,
725,
-2936,
-5378,
-5637,
-3610,
-83,
3465,
5603,
5417,
2968,
-678,
-4056,
-5759,
-5105,
-2386,
1325,
4479,
5805,
4756,
1741,
-1970,
-4893,
-5781,
-4275,
-1025,
2680,
5268,
5706,
3829,
369,
-3198,
-5475,
-5530,
-3298,
290,
3804,
5736,
5276,
2655,
-1059,
-4308,
-5810,
-4957,
-2056,
1670,
4728,
5817,
4479,
1311,
-2423,
-5141,
-5742,
-4020,
-645,
2961,
5359,
5583,
3513,
16,
-3509,
-5581,
-5333,
-2880,
788,
4115,
5760,
5057,
2289,
-1381,
-4521,
-5834,
-4740,
-1678,
2121,
5016,
5805,
4211,
908,
-2722,
-5244,
-5636,
-3734,
-313,
3276,
5532,
5527,
3234,
-434,
-3892,
-5741,
-5219,
-2547,
1136,
4377,
5829,
4893,
1970,
-1777,
-4765,
-5782,
-4409,
-1204,
2470,
5144,
5710,
3948,
594,
-3057,
-5458,
-5617,
-3453,
180,
3694,
5675,
5337,
2813,
-817,
-4131,
-5759,
-5025,
-2246,
1487,
4607,
5836,
4647,
1506,
-2225,
-5043,
-5786,
-4159,
-870,
2801,
5323,
5670,
3724,
227,
-3346,
-5543,
-5452,
-3082,
546,
3957,
5737,
5164,
2495,
-1209,
-4409,
-5831,
-4888,
-1929,
1808,
4821,
5826,
4391,
1158,
-2556,
-5197,
-5708,
-3908,
-503,
3097,
5432,
5514,
3304,
-261,
-3736,
-5665,
-5287,
-2763,
899,
4167,
5759,
5012,
2177,
-1560,
-4677,
-5815,
-4508,
-1382,
2283,
4972,
5643,
4037,
780,
-2768,
-5199,
-5503,
-3545,
-139,
3377,
5486,
5317,
2969,
-619,
-3914,
-5612,
-5030,
-2370,
1236,
4345,
5656,
4618,
1689,
-1963,
-4803,
-5679,
-4237,
-1047,
2537,
5089,
5561,
3751,
436,
-3089,
-5338,
-5370,
-3192,
349,
3740,
5594,
5167,
2621,
-971,
-4184,
-5705,
-4886,
-2046,
1673,
4677,
5732,
4425,
1309,
-2295,
-4973,
-5628,
-3975,
-709,
2874,
5260,
5463,
3414,
-63,
-3506,
-5522,
-5284,
-2889,
665,
3959,
5623,
4998,
2341,
-1299,
-4379,
-5657,
-4587,
-1586,
2051,
4867,
5687,
4185,
1007,
-2613,
-5169,
-5604,
-3714,
-259,
3265,
5434,
5361,
3096,
-402,
-3769,
-5593,
-5138,
-2608,
1024,
4224,
5697,
4822,
1913,
-1760,
-4711,
-5724,
-4383,
-1277,
2363,
5022,
5626,
3943,
633,
-2909,
-5263,
-5438,
-3337,
127,
3562,
5526,
5227,
2820,
-770,
-4042,
-5644,
-4912,
-2135,
1472,
4440,
5569,
4424,
1489,
-2073,
-4779,
-5537,
-4040,
-883,
2607,
5037,
5382,
3479,
148,
-3268,
-5342,
-5232,
-3006,
454,
3717,
5473,
4992,
2448,
-1097,
-4204,
-5546,
-4585,
-1748,
1824,
4621,
5543,
4213,
1151,
-2349,
-4915,
-5482,
-3789,
-543,
2967,
5239,
5328,
3222,
-217,
-3531,
-5416,
-5101,
-2700,
782,
3968,
5498,
4743,
2043,
-1536,
-4463,
-5562,
-4399,
-1417,
2115,
4804,
5547,
4002,
809,
-2754,
-5160,
-5414,
-3447,
-63,
3310,
5341,
5203,
2933,
-513,
-3780,
-5502,
-4951,
-2363,
1233,
4296,
5560,
4542,
1658,
-1877,
-4657,
-5553,
-4187,
-1116,
2434,
4970,
5450,
3671,
359,
-3072,
-5247,
-5275,
-3140,
253,
3565,
5419,
5061,
2654,
-860,
-4015,
-5524,
-4744,
-1977,
1598,
4520,
5565,
4340,
1365,
-2201,
-4864,
-5544,
-3929,
-659,
2836,
5150,
5340,
3347,
22,
-3343,
-5355,
-5190,
-2908,
597,
3835,
5481,
4839,
2185,
-1309,
-4251,
-5431,
-4400,
-1609,
1872,
4580,
5422,
4059,
1005,
-2434,
-4870,
-5289,
-3499,
-281,
3067,
5162,
5152,
3051,
-332,
-3580,
-5365,
-4921,
-2411,
1066,
4107,
5450,
4560,
1838,
-1650,
-4461,
-5451,
-4232,
-1266,
2203,
4765,
5352,
3710,
543,
-2865,
-5088,
-5236,
-3257,
63,
3338,
5274,
5067,
2770,
-654,
-3830,
-5399,
-4708,
-2084,
1402,
4290,
5435,
4373,
1510,
-1969,
-4660,
-5409,
-3913,
-819,
2630,
4977,
5299,
3473,
210,
-3107,
-5171,
-5132,
-2974,
387,
3615,
5336,
4830,
2338,
-1138,
-4131,
-5449,
-4555,
-1797,
1671,
4492,
5479,
4202,
1197,
-2338,
-4866,
-5353,
-3654,
-454,
2886,
5055,
5182,
3183,
-109,
-3392,
-5295,
-5014,
-2664,
808,
3917,
5399,
4666,
2017,
-1429,
-4315,
-5444,
-4333,
-1461,
2037,
4684,
5385,
3869,
745,
-2659,
-4964,
-5242,
-3384,
-154,
3179,
5228,
5136,
2912,
-546,
-3745,
-5387,
-4806,
-2254,
1181,
4144,
5412,
4469,
1716,
-1770,
-4534,
-5438,
-4087,
-1026,
2428,
4874,
5307,
3579,
418,
-2943,
-5099,
-5187,
-3162,
198,
3462,
5311,
4955,
2516,
-935,
-4013,
-5442,
-4648,
-1987,
1498,
4356,
5442,
4308,
1387,
-2086,
-4717,
-5385,
-3805,
-679,
2748,
5031,
5262,
3374,
76,
-3242,
-5232,
-5063,
-2775,
635,
3787,
5382,
4772,
2230,
-1234,
-4178,
-5426,
-4462,
-1637,
1865,
4615,
5425,
3967,
923,
-2468,
-4815,
-5198,
-3488,
-345,
2922,
5001,
5045,
3013,
-267,
-3472,
-5232,
-4817,
-2424,
966,
3928,
5305,
4527,
1880,
-1523,
-4316,
-5313,
-4094,
-1196,
2212,
4694,
5250,
3668,
587,
-2704,
-4900,
-5094,
-3205,
-16,
3209,
5093,
4865,
2632,
-722,
-3755,
-5255,
-4618,
-2089,
1258,
4125,
5327,
4329,
1535,
-1936,
-4579,
-5303,
-3847,
-827,
2481,
4792,
5157,
3407,
275,
-3003,
-5032,
-4976,
-2881,
431,
3553,
5222,
4763,
2333,
-1037,
-3994,
-5322,
-4467,
-1798,
1620,
4350,
5279,
4030,
1101,
-2255,
-4696,
-5219,
-3606,
-539,
2789,
4989,
5130,
3147,
-162,
-3378,
-5183,
-4866,
-2570,
748,
3773,
5252,
4588,
2050,
-1358,
-4201,
-5327,
-4244,
-1378,
2029,
4604,
5284,
3802,
794,
-2557,
-4860,
-5184,
-3398,
-206,
3055,
5068,
4976,
2809,
-500,
-3616,
-5227,
-4711,
-2297,
1102,
4052,
5342,
4405,
1619,
-1765,
-4380,
-5183,
-3881,
-1033,
2260,
4625,
5098,
3493,
444,
-2762,
-4844,
-4920,
-2941,
232,
3332,
5055,
4706,
2463,
-803,
-3722,
-5128,
-4459,
-1938,
1383,
4156,
5201,
4067,
1265,
-2062,
-4528,
-5150,
-3683,
-709,
2524,
4735,
5016,
3233,
124,
-3075,
-5003,
-4847,
-2700,
562,
3570,
5115,
4576,
2160,
-1129,
-3961,
-5147,
-4207,
-1539,
1790,
4372,
5173,
3858,
956,
-2302,
-4634,
-5078,
-3431,
-375,
2878,
4933,
4933,
2903,
-333,
-3408,
-5098,
-4704,
-2387,
881,
3820,
5197,
4446,
1866,
-1528,
-4260,
-5217,
-4033,
-1192,
2089,
4526,
5128,
3623,
648,
-2617,
-4792,
-4979,
-3115,
59,
3193,
5033,
4820,
2628,
-605,
-3608,
-5129,
-4549,
-2132,
1183,
3995,
5149,
4177,
1446,
-1873,
-4430,
-5178,
-3815,
-917,
2377,
4708,
5107,
3386,
240,
-2974,
-4950,
-4888,
-2824,
367,
3432,
5102,
4686,
2369,
-936,
-3845,
-5165,
-4343,
-1721,
1571,
4197,
5080,
3893,
1136,
-2100,
-4458,
-5001,
-3506,
-563,
2582,
4678,
4835,
2970,
-110,
-3166,
-4914,
-4650,
-2503,
686,
3586,
5020,
4375,
1904,
-1329,
-4029,
-5063,
-4022,
-1357,
1892,
4345,
5026,
3672,
802,
-2369,
-4575,
-4894,
-3163,
-137,
2969,
4855,
4758,
2737,
-413,
-3379,
-4977,
-4543,
-2223,
997,
3822,
5048,
4164,
1585,
-1656,
-4202,
-5035,
-3837,
-1051,
2157,
4478,
4945,
3353,
391,
-2744,
-4754,
-4825,
-2928,
184,
3205,
4928,
4643,
2455,
-714,
-3606,
-5002,
-4315,
-1853,
1395,
4060,
5060,
3993,
1289,
-1925,
-4371,
-5037,
-3638,
-735,
2506,
4686,
4921,
3134,
57,
-3005,
-4854,
-4731,
-2668,
464,
3436,
5002,
4505,
2149,
-1123,
-3904,
-5061,
-4130,
-1504,
1704,
4240,
5049,
3801,
1016,
-2217,
-4519,
-4947,
-3339,
-323,
2794,
4763,
4791,
2856,
-219,
-3234,
-4942,
-4617,
-2381,
873,
3750,
5074,
4312,
1776,
-1455,
-4099,
-5062,
-3947,
-1242,
2002,
4430,
5036,
3569,
601,
-2584,
-4678,
-4850,
-3044,
-18,
3036,
4866,
4718,
2640,
-541,
-3480,
-4980,
-4411,
-2000,
1213,
3941,
5056,
4103,
1494,
-1744,
-4265,
-5046,
-3769,
-935,
2266,
4535,
4915,
3253,
262,
-2858,
-4796,
-4791,
-2839,
309,
3326,
4989,
4578,
2244,
-989,
-3820,
-5070,
-4245,
-1711,
1535,
4145,
5077,
3943,
1176,
-2057,
-4445,
-4960,
-3404,
-487,
2618,
4615,
4735,
2953,
-55,
-3025,
-4779,
-4597,
-2512,
592,
3469,
4897,
4271,
1893,
-1270,
-3890,
-4930,
-3972,
-1370,
1786,
4226,
4912,
3547,
740,
-2385,
-4520,
-4804,
-3146,
-191,
2823,
4688,
4649,
2699,
-353,
-3277,
-4835,
-4382,
-2120,
1030,
3744,
4942,
4134,
1633,
-1516,
-4073,
-4972,
-3816,
-1084,
2120,
4415,
4860,
3308,
413,
-2616,
-4590,
-4701,
-2888,
109,
3089,
4775,
4485,
2352,
-768,
-3544,
-4882,
-4232,
-1836,
1291,
3915,
4939,
3933,
1327,
-1848,
-4247,
-4889,
-3511,
-673,
2411,
4507,
4757,
3064,
142,
-2887,
-4744,
-4651,
-2642,
497,
3398,
4879,
4359,
2043,
-1072,
-3754,
-4908,
-4054,
-1558,
1604,
4111,
4932,
3711,
931,
-2203,
-4421,
-4819,
-3245,
-377,
2669,
4631,
4703,
2864,
-178,
-3146,
-4815,
-4489,
-2283,
853,
3636,
4923,
4218,
1814,
-1353,
-3970,
-4953,
-3864,
-1157,
1963,
4236,
4753,
3339,
596,
-2413,
-4443,
-4662,
-2982,
-65,
2867,
4629,
4469,
2451,
-560,
-3351,
-4751,
-4215,
-1972,
1095,
3692,
4792,
3939,
1444,
-1636,
-4068,
-4813,
-3550,
-844,
2218,
4357,
4715,
3160,
306,
-2644,
-4527,
-4566,
-2721,
240,
3145,
4737,
4352,
2194,
-876,
-3557,
-4794,
-4095,
-1701,
1379,
3900,
4806,
3705,
1084,
-2000,
-4247,
-4750,
-3319,
-533,
2440,
4431,
4625,
2908,
-9,
-2961,
-4677,
-4433,
-2373,
664,
3403,
4748,
4171,
1895,
-1140,
-3733,
-4815,
-3918,
-1388,
1751,
4139,
4798,
3482,
751,
-2243,
-4334,
-4668,
-3086,
-248,
2716,
4554,
4507,
2604,
-391,
-3215,
-4731,
-4305,
-2109,
937,
3619,
4811,
4038,
1628,
-1469,
-3932,
-4773,
-3647,
-995,
2038,
4246,
4722,
3264,
491,
-2522,
-4513,
-4644,
-2850,
149,
3054,
4693,
4405,
2321,
-674,
-3415,
-4757,
-4148,
-1853,
1234,
3797,
4786,
3801,
1233,
-1793,
-4056,
-4653,
-3348,
-701,
2247,
4279,
4569,
2997,
184,
-2691,
-4464,
-4388,
-2475,
443,
3185,
4612,
4150,
2016,
-970,
-3569,
-4703,
-3885,
-1438,
1581,
3937,
4673,
3510,
931,
-2043,
-4171,
-4599,
-3152,
-403,
2490,
4371,
4441,
2657,
-210,
-3007,
-4564,
-4253,
-2221,
725,
3359,
4633,
4022,
1748,
-1248,
-3756,
-4690,
-3665,
-1141,
1863,
4079,
4643,
3334,
641,
-2290,
-4282,
-4496,
-2833,
-21,
2820,
4509,
4358,
2438,
-500,
-3217,
-4623,
-4136,
-1944,
1019,
3577,
4649,
3792,
1389,
-1616,
-3950,
-4662,
-3481,
-863,
2080,
4177,
4581,
3098,
337,
-2594,
-4450,
-4453,
-2622,
298,
3075,
4600,
4249,
2155,
-797,
-3446,
-4696,
-4014,
-1680,
1377,
3849,
4710,
3634,
1076,
-1889,
-4086,
-4622,
-3270,
-583,
2362,
4319,
4493,
2811,
-53,
-2880,
-4540,
-4346,
-2375,
537,
3252,
4645,
4123,
1892,
-1154,
-3699,
-4699,
-3762,
-1285,
1691,
3994,
4668,
3442,
831,
-2151,
-4247,
-4604,
-3058,
-214,
2682,
4463,
4412,
2549,
-329,
-3096,
-4605,
-4230,
-2138,
846,
3465,
4661,
3931,
1555,
-1447,
-3873,
-4705,
-3602,
-1050,
1947,
4130,
4619,
3240,
521,
-2392,
-4322,
-4470,
-2748,
104,
2925,
4543,
4302,
2317,
-632,
-3316,
-4644,
-4050,
-1764,
1230,
3725,
4688,
3723,
1250,
-1748,
-4021,
-4652,
-3397,
-745,
2202,
4240,
4503,
2891,
115,
-2689,
-4364,
-4274,
-2462,
367,
3035,
4480,
4092,
2004,
-896,
-3440,
-4543,
-3752,
-1427,
1491,
3781,
4537,
3452,
943,
-1940,
-4036,
-4449,
-3014,
-354,
2475,
4277,
4337,
2637,
-168,
-2883,
-4430,
-4179,
-2210,
641,
3243,
4501,
3885,
1671,
-1255,
-3654,
-4556,
-3598,
-1158,
1732,
3935,
4539,
3270,
661,
-2255,
-4222,
-4423,
-2818,
-53,
2706,
4365,
4261,
2405,
-430,
-3097,
-4479,
-4000,
-1874,
1039,
3509,
4542,
3718,
1362,
-1532,
-3817,
-4550,
-3422,
-911,
1994,
4070,
4456,
3000,
292,
-2517,
-4290,
-4306,
-2571,
198,
2913,
4442,
4154,
2143,
-787,
-3371,
-4565,
-3882,
-1600,
1307,
3689,
4557,
3556,
1119,
-1802,
-3987,
-4538,
-3212,
-538,
2324,
4216,
4364,
2735,
18,
-2738,
-4379,
-4241,
-2378,
490,
3131,
4477,
3970,
1799,
-1092,
-3541,
-4543,
-3695,
-1360,
1565,
3859,
4559,
3354,
744,
-2103,
-4036,
-4298,
-2817,
-226,
2486,
4197,
4196,
2487,
-272,
-2916,
-4361,
-4002,
-1965,
868,
3339,
4433,
3716,
1498,
-1342,
-3628,
-4442,
-3447,
-1030,
1792,
3882,
4360,
3018,
441,
-2333,
-4146,
-4260,
-2648,
52,
2720,
4292,
4119,
2255,
-533,
-3116,
-4389,
-3833,
-1699,
1141,
3487,
4423,
3564,
1230,
-1600,
-3792,
-4409,
-3186,
-666,
2140,
4057,
4316,
2822,
170,
-2529,
-4211,
-4177,
-2422,
325,
2972,
4369,
3942,
1903,
-932,
-3361,
-4427,
-3709,
-1466,
1359,
3651,
4462,
3424,
974,
-1900,
-3962,
-4362,
-2973,
-370,
2347,
4120,
4224,
2589,
-99,
-2772,
-4291,
-4023,
-2108,
688,
3185,
4378,
3794,
1648,
-1163,
-3511,
-4428,
-3530,
-1190,
1656,
3809,
4387,
3153,
606,
-2162,
-4044,
-4271,
-2753,
-125,
2590,
4260,
4178,
2367,
-446,
-3051,
-4382,
-3906,
-1834,
961,
3373,
4401,
3638,
1394,
-1445,
-3676,
-4398,
-3302,
-820,
1972,
3960,
4325,
2918,
341,
-2396,
-4157,
-4224,
-2571,
162,
2821,
4326,
4030,
2045,
-763,
-3268,
-4422,
-3778,
-1626,
1218,
3558,
4436,
3478,
1049,
-1786,
-3878,
-4379,
-3084,
-551,
2224,
4094,
4293,
2748,
60,
-2641,
-4265,
-4121,
-2256,
517,
3086,
4382,
3880,
1814,
-1007,
-3406,
-4411,
-3624,
-1331,
1511,
3745,
4429,
3270,
774,
-2039,
-4003,
-4344,
-2922,
-288,
2453,
4185,
4169,
2418,
-290,
-2861,
-4236,
-3878,
-1958,
772,
3180,
4298,
3663,
1521,
-1235,
-3494,
-4295,
-3313,
-970,
1792,
3796,
4247,
2971,
475,
-2180,
-3962,
-4138,
-2603,
6,
2649,
4185,
3970,
2125,
-595,
-3044,
-4252,
-3734,
-1692,
1018,
3344,
4310,
3501,
1243,
-1569,
-3705,
-4287,
-3116,
-671,
2008,
3873,
4176,
2762,
223,
-2428,
-4074,
-4033,
-2333,
349,
2878,
4232,
3854,
1887,
-834,
-3236,
-4319,
-3620,
-1434,
1366,
3581,
4297,
3255,
882,
-1828,
-3792,
-4219,
-2925,
-438,
2257,
4035,
4156,
2551,
-131,
-2731,
-4198,
-3944,
-2080,
604,
3056,
4260,
3714,
1653,
-1104,
-3396,
-4286,
-3402,
-1100,
1643,
3722,
4271,
3079,
645,
-2072,
-3930,
-4193,
-2754,
-167,
2470,
4100,
4032,
2275,
-404,
-2926,
-4238,
-3817,
-1855,
892,
3279,
4325,
3573,
1318,
-1451,
-3621,
-4297,
-3220,
-856,
1879,
3833,
4221,
2901,
371,
-2297,
-4018,
-4065,
-2413,
193,
2693,
4068,
3786,
1982,
-641,
-2993,
-4134,
-3592,
-1559,
1114,
3349,
4188,
3269,
1015,
-1661,
-3643,
-4141,
-2969,
-573,
2046,
3819,
4006,
2527,
16,
-2515,
-4017,
-3888,
-2175,
444,
2867,
4123,
3690,
1737,
-908,
-3190,
-4148,
-3386,
-1237,
1442,
3524,
4163,
3101,
768,
-1855,
-3731,
-4082,
-2760,
-302,
2317,
3965,
3967,
2338,
-267,
-2736,
-4100,
-3798,
-1925,
722,
3083,
4160,
3505,
1418,
-1270,
-3427,
-4187,
-3243,
-966,
1681,
3651,
4128,
2911,
520,
-2108,
-3855,
-4002,
-2507,
48,
2571,
4045,
3875,
2119,
-480,
-2897,
-4141,
-3678,
-1688,
1027,
3299,
4192,
3359,
1147,
-1509,
-3561,
-4168,
-3071,
-738,
1917,
3793,
4106,
2723,
193,
-2396,
-3981,
-3929,
-2274,
295,
2761,
4102,
3774,
1907,
-753,
-3087,
-4157,
-3507,
-1389,
1291,
3451,
4191,
3219,
948,
-1733,
-3704,
-4140,
-2847,
-374,
2188,
3809,
3855,
2347,
-91,
-2521,
-3921,
-3724,
-2009,
552,
2867,
4013,
3504,
1525,
-1061,
-3220,
-4054,
-3221,
-1085,
1513,
3479,
4025,
2936,
640,
-1896,
-3664,
-3913,
-2528,
-109,
2378,
3883,
3801,
2190,
-331,
-2703,
-3976,
-3634,
-1781,
798,
3054,
4037,
3335,
1269,
-1322,
-3360,
-4033,
-3071,
-840,
1725,
3587,
3959,
2680,
312,
-2199,
-3808,
-3838,
-2296,
98,
2426,
3949,
3941,
2070,
-956,
-3264,
-3270,
-1478,
205,
538,
-6,
-273,
-61,
149,
91,
-53,
-46,
-1,
-1,
1,
0,
0,
0,
0,
0,
0,
0,
0,
0,
0,
0,
0,
0,
0,
0,
0,
0,
0,
0,
0,
0,
1,
0,
0,
0,
0,
0,
0,
0,
0,
0,
0,
0,
0,
0,
0,
0,
0,
0,
0,
0,
0,
0,
0,
0,
0,
0,
0,
0,
0,
0,
0,
0,
0,
0,
0,
0,
0,
0,
0,
0,
0,
0,
0,
0,
0,
0,
0,
0,
0,
0,
0,
0,
0,
0,
0,
0,
0,
0,
0,
0,
0,
0,
0,
0,
0,
0,
0,
0,
0,
0,
0,
0,
0,
0,
0,
0,
0,
0,
0,
0,
0,
0,
0,
0,
0,
0,
0,
0,
0,
0,
0,
0,
0,
0,
0,
0,
0,
0,
0,
0,
0,
0,
0,
0,
0,
0,
0,
-1,
0,
0,
0,
0,
0,
0,
0,
0,
0,
0,
0,
0,
0,
0,
0,
0,
0,
0,
0,
0,
0,
0,
0,
0,
0,
0,
0,
0,
0,
0,
0,
0,
0,
0,
0,
0,
0,
0,
0,
0,
0,
0,
0,
0,
0,
0,
0,
0,
0,
0,
0,
0,
0,
0,
0,
0,
1,
0,
0,
0,
0,
0,
0,
0,
0,
0,
0,
0,
0,
0,
0,
0,
0,
0,
0,
0,
0,
0,
0,
0,
0,
0,
0,
0,
0,
0,
0,
0,
0,
0,
0,
0,
0,
0,
0,
0,
0,
0,
0,
0,
0,
0,
0,
0,
0,
0,
0,
0,
0,
0,
0,
0,
0,
0,
0,
0,
0,
0,
0,
-1,
0,
0,
-1,
0,
0,
0,
0,
0,
0,
0,
0,
0,
0,
0,
0,
0,
0,
0,
0,
0,
-1,
0,
0,
0,
0,
0,
0,
0,
0,
0,
0,
0,
0,
0,
0,
0,
0,
0,
0,
0,
0,
0,
0,
0,
0,
0,
0,
0,
0,
0,
0,
0,
0,
0,
0,
0,
0,
0,
0,
0,
0,
0,
0,
0,
0,
0,
0,
0,
0,
0,
0,
0,
0,
0,
0,
0,
0,
0,
0,
0,
0,
0,
0,
0,
0,
0,
0,
0,
0,
0,
0,
0,
0,
0,
0,
0,
0,
0,
0,
0,
0,
0,
0,
0,
0,
0,
0,
0,
0,
0,
0,
0,
0,
0,
0,
0,
0,
0,
0,
0,
0,
0,
0,
0,
0,
0,
0,
0,
0,
0,
0,
0,
0,
0,
0,
0,
0,
0,
0,
0,
0,
0,
0,
0,
0,
0,
0,
0,
0,
0,
0,
0,
0,
0,
0,
0,
0,
0,
0,
0,
0,
0,
0,
0,
0,
0,
0,
0,
0,
0,
0,
0,
0,
0,
0,
0,
0,
0,
0,
0,
0,
0,
0,
0,
0,
0,
0,
0,
0,
0,
0,
0,
0,
0,
0,
0,
0,
0,
0,
1,
0,
0,
0,
0,
0,
0,
0,
0,
0,
0,
0,
0,
0,
0,
0,
0,
0,
0,
0,
0,
1,
0,
0,
0,
0,
0,
0,
0,
0,
0,
0,
0,
0,
0,
0,
0,
0,
0,
0,
0,
0,
0,
0,
0,
0,
0,
0,
0,
0,
0,
0,
0,
0,
0,
0,
0,
0,
0,
0,
0,
0,
0,
0,
0,
0,
0,
0,
0,
0,
0,
0,
0,
0,
0,
0,
0,
0,
0,
0,
0,
0,
0,
0,
0,
0,
0,
0,
0,
0,
0,
0,
0,
0,
0,
0,
0,
0,
0,
0,
0,
0,
0,
0,
0,
0,
0,
0,
0,
0,
-1,
0,
0,
0,
0,
0,
0,
0,
0,
0,
0,
0,
0,
0,
0,
0,
0,
0,
0,
0,
0,
0,
0,
0,
0,
0,
0,
0,
0,
0,
0,
0,
0,
0,
0,
0,
0,
0,
0,
0,
0,
0,
0,
0,
0,
0,
0,
0,
0,
0,
0,
0,
0,
0,
0,
0,
0,
0,
0,
0,
0,
0,
0,
0,
0,
0,
0,
0,
0,
0,
0,
0,
0,
0,
0,
0,
0,
0,
0,
0,
0,
0,
0,
0,
0,
0,
0,
0,
0,
0,
0,
0,
0,
0,
0,
0,
0,
0,
0,
0,
0,
0,
0,
0,
0,
0,
0,
0,
0,
0,
0,
0,
0,
0,
0,
0,
0,
0,
0,
0,
0,
0,
0,
0,
0,
0,
0,
0,
0,
0,
0,
0,
0,
0,
0,
0,
0,
0,
0,
0,
0,
0,
0,
0,
0,
1,
0,
0,
0,
0,
0,
0,
0,
0,
0,
0,
0,
0,
0,
0,
0,
0,
0,
0,
0,
0,
0,
0,
0,
0,
0,
0,
0,
0,
0,
0,
0,
0,
0,
0,
0,
0,
0,
0,
0,
0,
0,
0,
0,
0,
0,
0,
0,
0,
0,
0,
0,
0,
0,
0,
0,
0,
0,
0,
0,
0,
0,
0,
0,
0,
0,
0,
0,
0,
0,
0,
0,
0,
0,
0,
0,
0,
0,
0,
0,
0,
0,
0,
0,
0,
0,
0,
0,
0,
0,
0,
0,
0,
0,
0,
0,
0,
0,
0,
0,
0,
0,
0,
0,
0,
0,
0,
-1,
0,
0,
0,
0,
0,
0,
0,
0,
0,
0,
0,
0,
0,
0,
0,
0,
0,
0,
0,
0,
0,
0,
0,
0,
0,
0,
0,
0,
0,
0,
0,
0,
0,
0,
0,
0,
0,
0,
0,
0,
0,
0,
0,
0,
0,
0,
0,
0,
0,
0,
0,
0,
0,
0,
0,
0,
1,
0,
0,
0,
0,
0,
0,
0,
0,
0,
0,
0,
0,
0,
0,
0,
0,
0,
0,
0,
0,
0,
0,
0,
0,
0,
0,
0,
0,
0,
0,
0,
0,
0,
0,
0,
0,
0,
0,
0,
0,
0,
0,
0,
0,
0,
0,
0,
0,
0,
0,
0,
0,
0,
0,
0,
0,
0,
0,
0,
0,
0,
0,
0,
0,
0,
0,
0,
0,
0,
0,
0,
0,
0,
0,
0,
0,
0,
0,
0,
0,
0,
0,
0,
-1,
0,
0,
0,
0,
0,
0,
0,
0,
0,
0,
0,
0,
0,
0,
0,
0,
0,
0,
0,
0,
0,
0,
0,
0,
0,
0,
0,
0,
0,
0,
0,
0,
0,
0,
0,
0,
0,
0,
0,
0,
0,
0,
0,
0,
0,
0,
0,
0,
0,
0,
0,
0,
0,
0,
0,
0,
0,
0,
0,
0,
0,
0,
0,
0,
0,
0,
0,
0,
0,
0,
0,
0,
0,
0,
0,
0,
0,
0,
0,
0,
0,
0,
0,
0,
0,
0,
0,
0,
0,
0,
0,
0,
0,
0,
0,
0,
0,
0,
0,
0,
0,
0,
0,
0,
0,
0,
0,
0,
0,
0,
0,
0,
0,
0,
0,
0,
0,
0,
0,
0,
0,
0,
0,
0,
0,
0,
0,
0,
0,
0,
0,
0,
0,
0,
0,
0,
0,
0,
0,
0,
0,
0,
0,
0,
0,
0,
0,
0,
0,
0,
0,
0,
0,
0,
0,
0,
0,
0,
0,
0,
0,
0,
0,
0,
0,
0,
0,
0,
0,
0,
0,
0,
0,
0,
0,
0,
0,
0,
1,
0,
0,
0,
0,
0,
0,
0,
0,
0,
0,
0,
0,
0,
0,
0,
0,
0,
0,
0,
0,
1,
0,
0,
0,
0,
0,
0,
0,
0,
0,
0,
0,
0,
0,
0,
0,
0,
0,
0,
0,
0,
0,
0,
0,
0,
0,
0,
0,
0,
0,
0,
0,
0,
0,
0,
0,
0,
0,
0,
0,
0,
0,
0,
0,
0,
0,
0,
0,
0,
0,
0,
0,
0,
0,
0,
0,
0,
0,
0,
0,
0,
0,
0,
0,
0,
0,
0,
0,
0,
0,
0,
0,
0,
0,
0,
0,
0,
0,
0,
0,
0,
0,
0,
0,
0,
0,
0,
0,
0,
-1,
0,
0,
0,
0,
0,
0,
0,
0,
0,
0,
0,
0,
0,
0,
0,
0,
0,
0,
0,
0,
0,
0,
0,
0,
0,
0,
0,
0,
0,
0,
0,
0,
0,
0,
0,
0,
0,
0,
0,
0,
0,
0,
0,
0,
0,
0,
0,
0,
0,
0,
0,
0,
0,
0,
0,
0,
0,
0,
0,
0,
0,
0,
0,
0,
0,
0,
0,
0,
0,
0,
0,
0,
0,
0,
0,
0,
0,
0,
0,
0,
0,
0,
0,
0,
0,
0,
0,
0,
0,
0,
0,
0,
0,
0,
0,
0,
0,
0,
0,
0,
0,
0,
0,
0,
0,
0,
0,
0,
0,
0,
0,
0,
0,
0,
0,
0,
0,
0,
0,
0,
0,
0,
0,
0,
0,
0,
0,
0,
0,
0,
0,
0,
0,
0,
0,
0,
0,
0,
0,
0,
0,
0,
0,
0,
1,
0,
0,
0,
0,
0,
0,
0,
0,
0,
0,
0,
0,
0,
0,
0,
0,
0,
0,
0,
0,
0,
0,
0,
0,
0,
0,
0,
0,
0,
0,
0,
0,
0,
0,
0,
0,
0,
0,
0,
0,
0,
0,
0,
0,
0,
0,
0,
0,
0,
0,
0,
0,
0,
0,
0,
0,
0,
0,
0,
0,
0,
0,
0,
0,
0,
0,
0,
0,
0,
0,
0,
0,
0,
0,
0,
0,
0,
0,
0,
0,
0,
0,
0,
0,
0,
0,
0,
0,
0,
0,
0,
0,
0,
0,
0,
0,
0,
0,
0,
0,
0,
0,
0,
0,
0,
0,
-1,
0,
0,
0,
0,
0,
0,
0,
0,
0,
0,
0,
0,
0,
0,
0,
0,
0,
0,
0,
0,
0,
0,
0,
0,
0,
0,
0,
0,
0,
0,
0,
0,
0,
0,
0,
0,
0,
0,
0,
0,
0,
0,
0,
0,
0,
0,
0,
0,
0,
0,
0,
0,
0,
0,
0,
0,
1,
0,
0,
0,
0,
0,
0,
0,
0,
0,
0,
0,
0,
0,
0,
0,
0,
0,
0,
0,
0,
0,
0,
0,
0,
0,
0,
0,
0,
0,
0,
0,
0,
0,
0,
0,
0,
0,
0,
0,
0,
0,
0,
0,
0,
0,
0,
0,
0,
0,
0,
0,
0,
0,
0,
0,
0,
0,
0,