0,
0,
0,
0,
0,
-1,
-1,
0,
-1,
-1,
0,
0,
-1,
0,
-1,
0,
-1,
0,
-1,
0,
0,
-1,
0,
-1,
-1,
0,
-1,
-1,
0,
-1,
-1,
0,
0,
-1,
0,
-1,
0,
-1,
-1,
-1,
-1,
0,
-1,
0,
-1,
0,
-1,
0,
-1,
-1,
0,
-1,
0,
-1,
0,
0,
-1,
-1,
-1,
-1,
-1,
0,
0,
0,
0,
0,
0,
-1,
0,
-1,
-1,
0,
0,
-1,
0,
-1,
0,
-1,
0,
-1,
0,
-1,
0,
0,
-1,
0,
-1,
0,
-1,
0,
-1,
0,
-1,
0,
-1,
0,
-1,
0,
-1,
0,
-1,
0,
-1,
0,
-1,
-1,
0,
-1,
0,
-1,
0,
-1,
0,
-1,
0,
-1,
0,
-1,
0,
-1,
0,
-1,
0,
-1,
0,
0,
-1,
0,
-1,
0,
-1,
0,
-1,
0,
-1,
-1,
0,
-1,
0,
-1,
0,
-1,
0,
-1,
0,
-1,
0,
-1,
0,
0,
-1,
0,
-1,
0,
-1,
0,
-1,
0,
-1,
0,
-1,
0,
-1,
0,
-1,
0,
-1,
0,
-1,
0,
-1,
0,
-1,
0,
-1,
0,
-1,
0,
-1,
0,
-1,
0,
-1,
0,
-1,
0,
-1,
-1,
0,
-1,
0,
-1,
0,
-1,
0,
-1,
0,
-1,
0,
-1,
0,
-1,
-1,
0,
-1,
0,
-1,
0,
-1,
0,
-1,
0,
-1,
0,
-1,
0,
0,
-1,
0,
-1,
0,
-1,
0,
-1,
0,
-1,
0,
-1,
0,
-1,
0,
-1,
0,
-1,
0,
-1,
0,
-1,
0,
-1,
0,
-1,
0,
-1,
0,
-1,
0,
-1,
-1,
-1,
0,
-1,
-1,
0,
-1,
0,
-1,
0,
-1,
0,
-1,
0,
-1,
-1,
-1,
0,
-1,
0,
-1,
0,
-1,
0,
-1,
0,
0,
0,
-1,
0,
-1,
0,
-1,
0,
-1,
0,
-1,
0,
-1,
0,
-1,
0,
-1,
0,
-1,
-1,
0,
-1,
0,
-1,
0,
-1,
0,
-1,
-1,
0,
-1,
0,
-1,
0,
-1,
0,
-1,
0,
-1,
0,
0,
-1,
0,
-1,
0,
-1,
0,
-1,
0,
-1,
0,
-1,
0,
-1,
0,
-1,
0,
-1,
0,
-1,
0,
-1,
0,
-1,
0,
0,
-1,
0,
-1,
0,
-1,
0,
0,
-1,
0,
-1,
0,
0,
-1,
0,
-1,
0,
-1,
0,
-1,
0,
-1,
0,
-1,
0,
-1,
-1,
0,
-1,
0,
-1,
0,
-1,
0,
-1,
0,
0,
-1,
0,
-1,
0,
-1,
0,
-1,
0,
-1,
0,
-1,
0,
-1,
-1,
0,
-1,
0,
-1,
0,
-1,
0,
-1,
0,
-1,
0,
-1,
0,
-1,
0,
-1,
0,
-1,
0,
-1,
0,
-1,
0,
-1,
0,
-1,
0,
-1,
-1,
-1,
0,
-1,
0,
-1,
0,
-1,
0,
-1,
0,
-1,
0,
-1,
-1,
0,
-1,
0,
-1,
0,
-1,
0,
-1,
0,
-1,
0,
-1,
0,
-1,
0,
-1,
0,
-1,
0,
-1,
0,
-1,
0,
-1,
0,
-1,
0,
-1,
-1,
0,
-1,
0,
-1,
0,
-1,
0,
-1,
0,
-1,
0,
-1,
0,
-1,
-1,
0,
-1,
0,
-1,
0,
-1,
0,
-1,
0,
-1,
0,
-1,
0,
-1,
-1,
0,
-1,
0,
-1,
0,
-1,
0,
-1,
0,
-1,
0,
-1,
0,
-1,
0,
-1,
0,
-1,
0,
-1,
0,
-1,
0,
-1,
0,
-1,
0,
-1,
0,
-1,
0,
-1,
0,
-1,
0,
-1,
-1,
0,
-1,
0,
-1,
0,
-1,
0,
-1,
0,
-1,
0,
-1,
0,
-1,
-1,
0,
-1,
0,
-1,
0,
-1,
0,
-1,
0,
-1,
0,
-1,
0,
0,
-1,
0,
-1,
0,
-1,
0,
-1,
0,
-1,
0,
-1,
0,
-1,
0,
-1,
0,
-1,
0,
-1,
0,
-1,
0,
-1,
0,
-1,
0,
-1,
0,
-1,
0,
-1,
-1,
-1,
0,
-1,
-1,
0,
-1,
0,
-1,
0,
-1,
0,
-1,
0,
-1,
-1,
-1,
0,
-1,
0,
-1,
0,
-1,
0,
-1,
0,
0,
0,
-1,
0,
-1,
0,
-1,
0,
-1,
0,
-1,
0,
-1,
0,
-1,
0,
-1,
0,
0,
-1,
0,
-1,
0,
-1,
0,
-1,
0,
-1,
-1,
0,
-1,
0,
-1,
0,
-1,
0,
0,
-1,
0,
-1,
0,
-1,
0,
-1,
0,
-1,
0,
-1,
0,
-1,
0,
-1,
0,
-1,
0,
-1,
0,
-1,
0,
-1,
0,
-1,
0,
-1,
0,
0,
-1,
0,
-1,
0,
-1,
0,
0,
-1,
0,
-1,
0,
0,
-1,
0,
-1,
0,
-1,
0,
-1,
0,
-1,
0,
0,
-1,
0,
-1,
0,
-1,
0,
-1,
0,
-1,
0,
-1,
0,
0,
-1,
0,
-1,
0,
-1,
0,
-1,
0,
-1,
0,
-1,
0,
-1,
0,
-1,
0,
-1,
0,
-1,
0,
-1,
0,
-1,
0,
-1,
0,
-1,
0,
-1,
0,
-1,
0,
0,
-1,
-1,
-1,
0,
-1,
-1,
0,
0,
-1,
-1,
-1,
0,
0,
0,
-1,
0,
0,
-1,
0,
-1,
-1,
-1,
0,
-1,
0,
0,
0,
0,
-1,
0,
-1,
0,
-1,
0,
-1,
-1,
-1,
0,
-1,
-1,
-1,
0,
-1,
0,
-1,
0,
-1,
0,
0,
0,
0,
-1,
0,
-1,
-1,
-1,
0,
0,
-1,
1,
-2,
-9,
-10,
17,
-39,
-114,
87,
130,
-146,
386,
1288,
216,
-1945,
-1110,
3042,
4002,
-1518,
-5534,
-1091,
5575,
4211,
-3682,
-6462,
427,
7101,
3418,
-5664,
-6550,
2400,
7987,
1877,
-7051,
-5673,
4180,
7830,
-105,
-7846,
-4123,
5644,
6986,
-2070,
-8091,
-2256,
6907,
5986,
-3836,
-7852,
-282,
7563,
4368,
-5277,
-7225,
1577,
8012,
2626,
-6568,
-6160,
3317,
7801,
700,
-7428,
-4666,
4972,
7335,
-1084,
-7856,
-2982,
6324,
6352,
-2967,
-7945,
-1130,
7289,
4959,
-4657,
-7510,
650,
7811,
3340,
-6087,
-6542,
2586,
7945,
1659,
-7056,
-5288,
4319,
7602,
-276,
-7788,
-3696,
5880,
6812,
-2190,
-7971,
-2043,
6902,
5591,
-4018,
-7723,
-119,
7653,
4221,
-5473,
-7029,
1823,
7943,
2396,
-6697,
-5857,
3594,
7698,
510,
-7387,
-4443,
5026,
7067,
-1404,
-7842,
-2775,
6353,
6142,
-3205,
-7773,
-864,
7220,
4740,
-4708,
-7337,
973,
7798,
3077,
-6090,
-6377,
2710,
7749,
1259,
-7081,
-5032,
4407,
7452,
-573,
-7742,
-3441,
5894,
6599,
-2377,
-7889,
-1688,
6953,
5317,
-4108,
-7562,
88,
7574,
3836,
-5587,
-6772,
1999,
7846,
2182,
-6717,
-5648,
3783,
7644,
316,
-7476,
-4162,
5333,
6964,
-1621,
-7863,
-2610,
6503,
5879,
-3407,
-7562,
-675,
7183,
4527,
-4869,
-7048,
1199,
7633,
2889,
-6143,
-6031,
3056,
7668,
1056,
-7044,
-4809,
4520,
7192,
-820,
-7616,
-3220,
5876,
6361,
-2605,
-7723,
-1417,
6892,
5098,
-4183,
-7289,
463,
7591,
3557,
-5676,
-6608,
2120,
7696,
1811,
-6755,
-5388,
3875,
7503,
-30,
-7506,
-3911,
5353,
6780,
-1744,
-7718,
-2190,
6609,
5675,
-3541,
-7579,
-502,
7286,
4235,
-5116,
-6969,
1375,
7728,
2605,
-6390,
-5949,
3199,
7632,
864,
-7133,
-4538,
4828,
7091,
-1042,
-7632,
-3057,
6057,
6180,
-2893,
-7668,
-1232,
6962,
4972,
-4452,
-7289,
639,
7580,
3402,
-5822,
-6365,
2518,
7686,
1609,
-6816,
-5265,
4119,
7316,
-308,
-7372,
-3695,
5392,
6568,
-2031,
-7615,
-1932,
6550,
5455,
-3661,
-7337,
-116,
7295,
4003,
-5153,
-6746,
1583,
7537,
2285,
-6361,
-5709,
3306,
7479,
523,
-7165,
-4286,
4855,
6908,
-1169,
-7532,
-2705,
6159,
5922,
-2995,
-7545,
-1050,
6947,
4602,
-4571,
-7074,
798,
7516,
3030,
-5917,
-6154,
2605,
7572,
1412,
-6799,
-4894,
4282,
7193,
-460,
-7467,
-3513,
5651,
6400,
-2312,
-7606,
-1776,
6651,
5173,
-3923,
-7188,
76,
7239,
3802,
-5206,
-6445,
1912,
7460,
2074,
-6368,
-5513,
3523,
7307,
281,
-7090,
-4091,
4938,
6770,
-1479,
-7509,
-2459,
6154,
5764,
-3109,
-7305,
-653,
6949,
4372,
-4652,
-6885,
1102,
7412,
2773,
-5917,
-5956,
2785,
7438,
1055,
-6826,
-4642,
4357,
7032,
-606,
-7316,
-3133,
5701,
6129,
-2426,
-7443,
-1551,
6608,
4946,
-4045,
-7117,
256,
7289,
3464,
-5506,
-6384,
2047,
7470,
1913,
-6475,
-5191,
3718,
7096,
113,
-7045,
-3886,
5032,
6473,
-1678,
-7315,
-2209,
6167,
5398,
-3371,
-7203,
-474,
6906,
4152,
-4701,
-6609,
1308,
7335,
2598,
-5945,
-5751,
3001,
7270,
807,
-6758,
-4435,
4422,
6725,
-985,
-7263,
-2897,
5701,
5966,
-2534,
-7255,
-1178,
6627,
4705,
-4126,
-6969,
537,
7237,
3217,
-5512,
-6175,
2219,
7381,
1580,
-6507,
-4978,
3847,
7071,
-86,
-7085,
-3584,
5219,
6334,
-1865,
-7360,
-1912,
6357,
5257,
-3527,
-7163,
-291,
6994,
3890,
-4991,
-6511,
1517,
7351,
2441,
-6074,
-5551,
3220,
7203,
635,
-6832,
-4305,
4634,
6697,
-1142,
-7256,
-2746,
5835,
5735,
-2905,
-7291,
-1012,
6698,
4583,
-4358,
-6793,
797,
7101,
3012,
-5493,
-5940,
2429,
7215,
1326,
-6439,
-4770,
3910,
6813,
-435,
-7097,
-3321,
5304,
6170,
-1982,
-7189,
-1695,
6308,
5037,
-3619,
-7016,
26,
7016,
3654,
-5008,
-6337,
1638,
7164,
2019,
-6163,
-5309,
3305,
7082,
471,
-6811,
-3961,
4783,
6512,
-1289,
-7223,
-2430,
5967,
5556,
-2987,
-7129,
-813,
6665,
4242,
-4512,
-6631,
976,
7133,
2854,
-5663,
-5769,
2699,
7163,
1156,
-6524,
-4509,
4156,
6663,
-571,
-6971,
-3122,
5346,
5841,
-2316,
-7054,
-1474,
6253,
4828,
-3768,
-6789,
267,
6891,
3445,
-5034,
-6134,
1899,
7106,
1800,
-6115,
-5087,
3412,
6845,
107,
-6806,
-3742,
4807,
6311,
-1566,
-7087,
-2113,
5928,
5329,
-3090,
-6978,
-490,
6684,
4000,
-4528,
-6452,
1088,
7032,
2524,
-5754,
-5528,
2799,
7038,
976,
-6482,
-4293,
4261,
6601,
-743,
-7016,
-2833,
5525,
5745,
-2433,
-7071,
-1316,
6350,
4526,
-3940,
-6582,
413,
6845,
3222,
-5179,
-5873,
2122,
6974,
1626,
-6099,
-4747,
3659,
6698,
-74,
-6745,
-3547,
4850,
6008,
-1780,
-6959,
-1934,
5939,
5138,
-3289,
-6809,
-263,
6607,
3813,
-4619,
-6184,
1445,
6971,
2310,
-5746,
-5374,
2899,
6810,
603,
-6479,
-4072,
4335,
6415,
-1026,
-6908,
-2590,
5514,
5554,
-2596,
-6939,
-983,
6364,
4325,
-4065,
-6552,
564,
6817,
2917,
-5309,
-5718,
2254,
6959,
1321,
-6235,
-4585,
3759,
6640,
-246,
-6793,
-3228,
5129,
5949,
-1907,
-6964,
-1786,
6030,
4882,
-3513,
-6742,
-99,
6678,
3681,
-4774,
-6134,
1587,
6935,
2095,
-5845,
-5125,
3199,
6829,
451,
-6553,
-3951,
4554,
6242,
-1256,
-6808,
-2430,
5535,
5352,
-2790,
-6774,
-753,
6293,
4131,
-4123,
-6261,
918,
6761,
2693,
-5306,
-5555,
2355,
6752,
1099,
-6172,
-4385,
3843,
6490,
-504,
-6739,
-2995,
5132,
5747,
-2078,
-6787,
-1429,
6038,
4646,
-3585,
-6587,
80,
6600,
3334,
-4863,
-5895,
1737,
6848,
1779,
-5914,
-4897,
3280,
6669,
273,
-6516,
-3624,
4649,
6062,
-1417,
-6843,
-2271,
5652,
5162,
-2992,
-6709,
-600,
6380,
3876,
-4308,
-6093,
1030,
6639,
2503,
-5332,
-5239,
2653,
6658,
924,
-6119,
-4188,
3970,
6276,
-725,
-6616,
-2795,
5107,
5522,
-2263,
-6705,
-1235,
5984,
4433,
-3632,
-6339,
404,
6597,
3092,
-4933,
-5756,
1968,
6751,
1545,
-5850,
-4688,
3365,
6520,
-20,
-6525,
-3401,
4655,
5895,
-1527,
-6664,
-1876,
5731,
4931,
-3075,
-6583,
-441,
6330,
3684,
-4446,
-6060,
1197,
6718,
2259,
-5554,
-5164,
2777,
6626,
754,
-6199,
-3914,
4127,
6040,
-882,
-6513,
-2606,
5168,
5265,
-2468,
-6534,
-1052,
5949,
4117,
-3856,
-6188,
528,
6470,
2902,
-4967,
-5428,
2151,
6553,
1365,
-5808,
-4482,
3499,
6297,
-246,
-6397,
-3205,
4683,
5617,
-1807,
-6585,
-1681,
5684,
4720,
-3172,
-6356,
-98,
6315,
3473,
-4460,
-5862,
1449,
6581,
1964,
-5509,
-4951,
2871,
6480,
450,
-6206,
-3713,
4202,
5986,
-1007,
-6531,
-2346,
5338,
5137,
-2598,
-6556,
-786,
6087,
3957,
-3946,
-6134,
691,
6510,
2632,
-5129,
-5337,
2259,
6567,
1220,
-5895,
-4238,
3712,
6229,
-399,
-6467,
-3046,
4894,
5550,
-2002,
-6597,
-1539,
5767,
4491,
-3465,
-6333,
70,
6375,
3357,
-4634,
-5638,
1673,
6436,
1803,
-5511,
-4768,
3049,
6317,
241,
-6130,
-3535,
4284,
5730,
-1340,
-6462,
-2144,
5324,
4985,
-2688,
-6319,
-562,
6009,
3775,
-4024,
-5948,
954,
6401,
2399,
-5111,
-5151,
2409,
6394,
892,
-5895,
-4018,
3773,
6076,
-528,
-6322,
-2703,
4921,
5298,
-2089,
-6452,
-1227,
5779,
4255,
-3487,
-6160,
228,
6302,
2989,
-4759,
-5515,
1769,
6452,
1657,
-5590,
-4527,
3250,
6255,
97,
-6216,
-3287,
4414,
5544,
-1431,
-6310,
-1901,
5310,
4658,
-2906,
-6210,
-413,
5957,
3591,
-4134,
-5740,
1148,
6312,
2241,
-5123,
-4955,
2582,
6267,
700,
-5827,
-3827,
3814,
5801,
-855,
-6260,
-2495,
4911,
5155,
-2298,
-6315,
-993,
5697,
4067,
-3559,
-6012,
462,
6243,
2772,
-4755,
-5322,
1926,
6282,
1319,
-5588,
-4301,
3316,
6097,
-71,
-6113,
-3091,
4504,
5460,
-1613,
-6342,
-1645,
5477,
4529,
-3035,
-6174,
-257,
6035,
3333,
-4233,
-5497,
1280,
6214,
2058,
-5132,
-4684,
2718,
6082,
543,
-5786,
-3527,
3974,
5638,
-953,
-6141,
-2316,
4933,
4842,
-2457,
-6157,
-852,
5654,
3870,
-3668,
-5801,
665,
6117,
2588,
-4735,
-5034,
2135,
6184,
1146,
-5538,
-4094,
3356,
5857,
-373,
-6098,
-2862,
4559,
5324,
-1820,
-6245,
-1429,
5411,
4331,
-3114,
-6026,
20,
6027,
3144,
-4302,
-5452,
1407,
6164,
1732,
-5300,
-4563,
2842,
6100,
291,
-5914,
-3380,
4094,
5606,
-1108,
-6211,
-2093,
5136,
4776,
-2572,
-6129,
-694,
5726,
3643,
-3876,
-5698,
834,
6131,
2458,
-4869,
-4964,
2323,
6160,
989,
-5608,
-3880,
3636,
5827,
-498,
-6096,
-2736,
4685,
5057,
-2001,
-6042,
-1269,
5366,
4137,
-3233,
-5815,
230,
5902,
2955,
-4322,
-5184,
1664,
6077,
1554,
-5248,
-4361,
2929,
5868,
88,
-5832,
-3204,
4117,
5407,
-1338,
-6072,
-1817,
5082,
4572,
-2655,
-5948,
-396,
5724,
3429,
-3885,
-5525,
931,
6024,
2164,
-4926,
-4743,
2393,
6053,
727,
-5622,
-3655,
3645,
5661,
-642,
-6010,
-2426,
4731,
4924,
-2083,
-6061,
-1131,
5441,
3912,
-3424,
-5755,
366,
5990,
2687,
-4496,
-4985,
1793,
5966,
1389,
-5209,
-4063,
3130,
5726,
-65,
-5766,
-3032,
4181,
5151,
-1529,
-5938,
-1656,
5072,
4394,
-2808,
-5823,
-226,
5651,
3258,
-3951,
-5284,
1239,
5952,
1973,
-4905,
-4602,
2545,
5862,
504,
-5530,
-3487,
3710,
5483,
-881,
-5903,
-2208,
4711,
4743,
-2222,
-5891,
-824,
5429,
3704,
-3476,
-5602,
484,
5828,
2490,
-4539,
-4882,
1927,
5941,
1129,
-5324,
-3920,
3207,
5678,
-207,
-5813,
-2741,
4308,
4967,
-1595,
-5823,
-1491,
5040,
4080,
-2932,
-5640,
-91,
5603,
2975,
-4054,
-5110,
1320,
5806,
1747,
-4888,
-4283,
2673,
5710,
379,
-5478,
-3306,
3800,
5281,
-1054,
-5812,
-2065,
4725,
4487,
-2419,
-5749,
-651,
5361,
3517,
-3507,
-5338,
783,
5760,
2297,
-4521,
-4746,
2116,
5809,
910,
-5242,
-3739,
3271,
5528,
-425,
-5742,
-2554,
4374,
4898,
-1773,
-5784,
-1210,
5140,
3955,
-3051,
-5623,
170,
5679,
2820,
-4129,
-5032,
1483,
5836,
1514,
-5043,
-4167,
2796,
5677,
231,
-5546,
-3088,
3956,
5167,
-1204,
-5833,
-1937,
4820,
4397,
-2554,
-5712,
-507,
5430,
3308,
-3733,
-5288,
889,
5761,
2183,
-4674,
-4517,
2280,
5643,
787,
-5199,
-3551,
3368,
5325,
-613,
-5615,
-2379,
4345,
4622,
-1959,
-5683,
-1054,
5088,
3760,
-3086,
-5379,
344,
5597,
2625,
-4184,
-4889,
1667,
5733,
1315,
-4972,
-3983,
2871,
5466,
-60,
-5523,
-2893,
3954,
5001,
-1292,
-5659,
-1595,
4864,
4192,
-2610,
-5606,
-267,
5433,
3102,
-3763,
-5146,
1017,
5700,
1922,
-4713,
-4389,
2359,
5629,
639,
-5264,
-3345,
3558,
5234,
-767,
-5648,
-2141,
4440,
4426,
-2068,
-5540,
-889,
5035,
3486,
-3268,
-5235,
449,
5474,
2451,
-4199,
-4591,
1817,
5544,
1160,
-4915,
-3797,
2963,
5331,
-211,
-5416,
-2708,
3962,
4750,
-1530,
-5567,
-1426,
4806,
4006,
-2750,
-5420,
-68,
5340,
2941,
-3779,
-4957,
1228,
5565,
1660,
-4657,
-4191,
2430,
5450,
365,
-5248,
-3147,
3562,
5066,
-856,
-5526,
-1981,
4515,
4344,
-2195,
-5546,
-669,
5150,
3353,
-3339,
-5195,
591,
5480,
2193,
-4249,
-4407,
1864,
5428,
1011,
-4872,
-3506,
3066,
5155,
-327,
-5367,
-2419,
4105,
4566,
-1648,
-5456,
-1271,
4765,
3713,
-2862,
-5238,
56,
5274,
2777,
-3828,
-4713,
1397,
5436,
1514,
-4656,
-3919,
2623,
5301,
219,
-5174,
-2982,
3611,
4836,
-1134,
-5449,
-1806,
4489,
4208,
-2332,
-5361,
-461,
5056,
3189,
-3391,
-5018,
803,
5400,
2023,
-4314,
-4341,
2034,
5389,
748,
-4965,
-3388,
3175,
5137,
-539,
-5388,
-2260,
4141,
4475,
-1768,
-5439,
-1032,
4872,
3583,
-2937,
-5192,
189,
5312,
2524,
-4013,
-4654,
1493,
5443,
1394,
-4716,
-3813,
2742,
5269,
81,
-5235,
-2782,
3787,
4774,
-1229,
-5429,
-1643,
4611,
3975,
-2468,
-5201,
-351,
5003,
3014,
-3468,
-4822,
960,
5304,
1888,
-4316,
-4099,
2207,
5252,
591,
-4898,
-3211,
3202,
4870,
-715,
-5257,
-2098,
4125,
4334,
-1932,
-5306,
-833,
4789,
3415,
-3000,
-4982,
424,
5226,
2337,
-3995,
-4472,
1616,
5281,
1107,
-4696,
-3613,
2786,
5134,
-160,
-5185,
-2574,
3769,
4590,
-1352,
-5328,
-1386,
4603,
3807,
-2554,
-5187,
-212,
5067,
2813,
-3610,
-4718,
1095,
5343,
1628,
-4382,
-3886,
2254,
5102,
448,
-4842,
-2951,
3330,
4711,
-797,
-5134,
-1942,
4155,
4072,
-2061,
-5151,
-716,
4735,
3238,
-3073,
-4853,
559,
5116,
2163,
-3958,
-4211,
1784,
5173,
963,
-4634,
-3437,
2873,
4938,
-330,
-5096,
-2395,
3815,
4450,
-1520,
-5222,
-1199,
4526,
3630,
-2615,
-4983,
52,
5033,
2635,
-3606,
-4556,
1178,
5154,
1450,
-4430,
-3820,
2375,
5107,
246,
-4951,
-2830,
3429,
4691,
-934,
-5165,
-1726,
4195,
3895,
-2093,
-5004,
-570,
4676,
2977,
-3165,
-4654,
681,
5020,
1910,
-4026,
-4029,
1885,
5030,
808,
-4577,
-3171,
2967,
4761,
-408,
-4979,
-2231,
3820,
4170,
-1653,
-5041,
-1055,
4479,
3357,
-2743,
-4827,
178,
4928,
2461,
-3604,
-4322,
1392,
5060,
1293,
-4370,
-3641,
2499,
4924,
63,
-4854,
-2676,
3434,
4508,
-1118,
-5062,
-1511,
4236,
3807,
-2212,
-4954,
-331,
4765,
2862,
-3234,
-4621,
867,
5076,
1781,
-4097,
-3956,
1999,
5040,
605,
-4682,
-3047,
3033,
4720,
-537,
-4980,
-2008,
3940,
4107,
-1741,
-5049,
-939,
4533,
3257,
-2853,
-4794,
302,
4989,
2252,
-3819,
-4250,
1530,
5078,
1181,
-4442,
-3412,
2613,
4739,
-48,
-4783,
-2519,
3468,
4276,
-1267,
-4932,
-1377,
4225,
3553,
-2383,
-4809,
-196,
4690,
2702,
-3275,
-4385,
1025,
4941,
1639,
-4073,
-3821,
2115,
4862,
416,
-4589,
-2893,
3083,
4488,
-761,
-4884,
-1844,
3913,
3938,
-1844,
-4892,
-679,
4505,
3071,
-2883,
-4658,
490,
4883,
2049,
-3755,
-4059,
1600,
4934,
936,
-4421,
-3252,
2666,
4708,
-175,
-4819,
-2286,
3633,
4220,
-1350,
-4953,
-1166,
4236,
3342,
-2409,
-4667,
-68,
4625,
2457,
-3349,
-4217,
1086,
4795,
1450,
-4067,
-3558,
2216,
4716,
312,
-4528,
-2728,
3140,
4359,
-871,
-4798,
-1707,
3900,
3709,
-1998,
-4752,
-539,
4431,
2913,
-2959,
-4440,
662,
4749,
1899,
-3733,
-3920,
1745,
4800,
755,
-4333,
-3093,
2714,
4509,
-387,
-4731,
-2113,
3614,
4042,
-1462,
-4777,
-1003,
4246,
3270,
-2520,
-4648,
143,
4692,
2327,
-3412,
-4155,
1228,
4790,
1239,
-4059,
-3352,
2244,
4570,
188,
-4465,
-2481,
3183,
4155,
-968,
-4705,
-1442,
3936,
3511,
-2038,
-4602,
-409,
4369,
2663,
-3006,
-4256,
720,
4634,
1751,
-3752,
-3671,
1857,
4646,
648,
-4283,
-2840,
2818,
4361,
-495,
-4624,
-1951,
3573,
3799,
-1613,
-4667,
-869,
4179,
3101,
-2592,
-4457,
294,
4599,
2161,
-3446,
-4019,
1374,
4712,
1079,
-4086,
-3273,
2357,
4495,
-48,
-4540,
-2383,
3251,
4126,
-1150,
-4702,
-1289,
3989,
3448,
-2147,
-4607,
-224,
4466,
2554,
-3094,
-4236,
842,
4661,
1562,
-3872,
-3609,
1942,
4624,
525,
-4325,
-2752,
2923,
4305,
-629,
-4645,
-1771,
3725,
3727,
-1745,
-4656,
-748,
4238,
2894,
-2686,
-4275,
359,
4481,
2009,
-3438,
-3757,
1487,
4537,
948,
-4034,
-3020,
2469,
4341,
-161,
-4433,
-2216,
3241,
3890,
-1252,
-4558,
-1165,
3934,
3276,
-2252,
-4430,
-57,
4367,
2408,
-3097,
-4003,
1034,
4543,
1367,
-3817,
-3428,
1991,
4458,
294,
-4290,
-2575,
2909,
4155,
-781,
-4567,
-1607,
3687,
3561,
-1799,
-4540,
-544,
4214,
2740,
-2733,
-4246,
483,
4480,
1804,
-3541,
-3701,
1562,
4560,
751,
-4037,
-2823,
2482,
4202,
-270,
-4363,
-1970,
3339,
3717,
-1338,
-4444,
-1035,
3881,
3023,
-2332,
-4263,
48,
4291,
2258,
-3113,
-3836,
1134,
4424,
1235,
-3791,
-3193,
2138,
4317,
175,
-4211,
-2427,
2966,
3948,
-928,
-4430,
-1474,
3653,
3427,
-1897,
-4366,
-375,
4119,
2596,
-2771,
-4028,
684,
4381,
1651,
-3511,
-3533,
1652,
4389,
611,
-4044,
-2759,
2588,
4181,
-443,
-4383,
-1838,
3369,
3640,
-1440,
-4400,
-828,
3960,
2923,
-2394,
-4228,
157,
4325,
2051,
-3265,
-3785,
1212,
4439,
1055,
-3880,
-3089,
2222,
4296,
64,
-4265,
-2263,
3084,
3885,
-1004,
-4416,
-1335,
3745,
3272,
-2036,
-4346,
-293,
4184,
2423,
-2860,
-3882,
768,
4299,
1523,
-3490,
-3318,
1787,
4248,
483,
-3964,
-2609,
2645,
3974,
-593,
-4252,
-1699,
3341,
3505,
-1564,
-4293,
-676,
3874,
2766,
-2427,
-4037,
344,
4232,
1892,
-3236,
-3625,
1362,
4301,
883,
-3792,
-2928,
2254,
4156,
-126,
-4200,
-2085,
3054,
3718,
-1102,
-4287,
-1104,
3719,
3082,
-2067,
-4196,
-174,
4101,
2280,
-2924,
-3822,
888,
4325,
1325,
-3620,
-3225,
1873,
4227,
375,
-4019,
-2420,
2693,
3787,
-636,
-4137,
-1563,
3347,
3275,
-1660,
-4144,
-578,
3820,
2529,
-2512,
-3890,
439,
4122,
1742,
-3189,
-3391,
1439,
4164,
771,
-3729,
-2765,
2311,
3970,
-261,
-4102,
-1932,
3081,
3509,
-1267,
-4189,
-972,
3649,
2917,
-2105,
-4008,
42,
4047,
2122,
-2897,
-3682,
1024,
4192,
1152,
-3562,
-3076,
1914,
4110,
194,
-3981,
-2278,
2759,
3774,
-748,
-4159,
-1394,
3449,
3223,
-1731,
-4142,
-378,
3806,
2352,
-2518,
-3725,
542,
4018,
1527,
-3215,
-3232,
1515,
4020,
652,
-3671,
-2526,
2366,
3815,
-336,
-3970,
-1795,
3064,
3328,
-1310,
-4045,
-835,
3575,
2697,
-2215,
-3818,
77,
3961,
2050,
-3237,
-1496,
550,
-297,
170,
-65,
16,
-23,
20,
-18,
14,
-13,
9,
-8,
6,
-5,
2,
-2,
0,
0,
-2,
2,
-4,
3,
-5,
4,
-5,
4,
-5,
4,
-5,
4,
-5,
4,
-5,
3,
-4,
3,
-4,
2,
-3,
1,
-2,
1,
-2,
0,
-1,
0,
-1,
-1,
0,
-1,
0,
-1,
0,
-1,
0,
-1,
0,
-1,
0,
-1,
0,
-1,
0,
-1,
0,
-1,
0,
-1,
0,
-1,
-1,
-1,
0,
-1,
-1,
0,
-1,
0,
-1,
0,
-1,
0,
-1,
0,
-1,
0,
-1,
0,
-1,
0,
-1,
0,
-1,
0,
-1,
0,
-1,
0,
0,
0,
-1,
0,
-1,
0,
-1,
0,
-1,
0,
-1,
0,
-1,
0,
-1,
0,
-1,
0,
-1,
0,
-1,
0,
-1,
-1,
0,
-1,
0,
-1,
0,
-1,
0,
-1,
-1,
-1,
-1,
0,
-1,
0,
-1,
0,
-1,
0,
-1,
-1,
0,
-1,
0,
-1,
0,
-1,
0,
-1,
0,
-1,
0,
-1,
0,
-1,
0,
-1,
0,
-1,
0,
-1,
0,
-1,
0,
-1,
0,
-1,
0,
-1,
0,
-1,
-1,
0,
-1,
0,
-1,
0,
-1,
0,
-1,
0,
-1,
0,
-1,
0,
-1,
0,
-1,
0,
0,
-1,
0,
-1,
0,
-1,
0,
-1,
0,
-1,
0,
-1,
0,
-1,
0,
-1,
0,
-1,
0,
-1,
0,
-1,
0,
-1,
-1,
0,
-1,
0,
-1,
0,
-1,
0,
-1,
0,
-1,
0,
-1,
0,
-1,
0,
0,
-1,
0,
-1,
0,
-1,
0,
0,
-1,
0,
0,
0,
-1,
0,
-1,
0,
-1,
0,
-1,
0,
-1,
0,
-1,
0,
-1,
0,
-1,
0,
-1,
0,
-1,
0,
-1,
0,
-1,
0,
-1,
0,
-1,
0,
-1,
0,
-1,
0,
-1,
0,
-1,
0,
-1,
0,
-1,
0,
-1,
0,
-1,
-1,
0,
-1,
0,
-1,
0,
-1,
0,
-1,
0,
-1,
0,
-1,
0,
-1,
-1,
0,
-1,
0,
-1,
0,
-1,
0,
-1,
0,
-1,
0,
-1,
0,
-1,
0,
-1,
0,
-1,
0,
-1,
0,
-1,
0,
-1,
0,
-1,
0,
0,
-1,
0,
-1,
0,
-1,
0,
-1,
0,
-1,
0,
-1,
0,
-1,
0,
-1,
0,
-1,
0,
-1,
0,
-1,
0,
-1,
0,
-1,
0,
-1,
0,
0,
0,
-1,
0,
-1,
0,
-1,
0,
-1,
0,
-1,
0,
-1,
0,
-1,
0,
-1,
0,
-1,
0,
-1,
0,
-1,
0,
-1,
0,
-1,
0,
-1,
0,
-1,
0,
-1,
0,
-1,
0,
0,
-1,
0,
-1,
0,
-1,
0,
-1,
0,
-1,
0,
-1,
0,
-1,
0,
-1,
0,
-1,
-1,
0,
-1,
0,
-1,
0,
-1,
0,
-1,
0,
-1,
0,
-1,
0,
-1,
0,
-1,
0,
-1,
0,
-1,
0,
-1,
0,
-1,
0,
-1,
0,
0,
0,
-1,
0,
-1,
0,
-1,
0,
-1,
0,
-1,
0,
-1,
0,
-1,
0,
-1,
0,
-1,
0,
-1,
0,
0,
-1,
0,
-1,
0,
-1,
0,
-1,
0,
-1,
0,
-1,
0,
-1,
0,
-1,
0,
-1,
0,
-1,
-1,
-1,
0,
-1,
0,
-1,
0,
-1,
0,
-1,
0,
-1,
0,
-1,
0,
-1,
0,
-1,
0,
-1,
0,
-1,
0,
-1,
0,
-1,
0,
-1,
-1,
0,
-1,
0,
-1,
0,
-1,
0,
-1,
0,
-1,
0,
-1,
0,
-1,
0,
-1,
0,
-1,
0,
-1,
-1,
0,
-1,
0,
-1,
0,
-1,
0,
-1,
0,
-1,
0,
-1,
0,
-1,
0,
-1,
0,
-1,
0,
-1,
0,
-1,
0,
-1,
-1,
0,
-1,
0,
-1,
0,
-1,
0,
-1,
0,
-1,
0,
-1,
0,
-1,
0,
0,
-1,
0,
-1,
0,
-1,
0,
0,
-1,
0,
0,
0,
-1,
0,
-1,
0,
-1,
0,
-1,
0,
-1,
0,
-1,
0,
-1,
0,
-1,
0,
-1,
0,
-1,
0,
-1,
0,
-1,
0,
-1,
0,
-1,
0,
-1,
0,
-1,
0,
-1,
0,
-1,
0,
-1,
0,
-1,
0,
-1,
0,
-1,
-1,
0,
-1,
0,
-1,
0,
-1,
0,
-1,
0,
-1,
0,
-1,
0,
-1,
-1,
0,
-1,
0,
-1,
0,
-1,
0,
-1,
0,
-1,
0,
-1,
0,
-1,
0,
-1,
0,
-1,
0,
-1,
0,
-1,
0,
-1,
0,
-1,
0,
0,
-1,
0,
-1,
0,
-1,
0,
-1,
0,
-1,
0,
-1,
0,
-1,
0,
-1,
0,
-1,
0,
-1,
0,
-1,
0,
-1,
0,
-1,
0,
-1,
0,
0,
0,
-1,
0,
-1,
0,
-1,
0,
-1,
0,
-1,
0,
-1,
0,
-1,
0,
-1,
0,
-1,
0,
-1,
0,
-1,
0,
-1,
0,
-1,
0,
-1,
0,
-1,
0,
-1,
0,
-1,
0,
0,
-1,
0,
-1,
0,
-1,
0,
-1,
0,
-1,
0,
-1,
0,
-1,
0,
-1,
0,
-1,
-1,
0,
-1,
0,
-1,
0,
-1,
0,
-1,
0,
-1,
0,
-1,
0,
-1,
0,
-1,
0,
-1,
0,
-1,
0,
-1,
0,
-1,
0,
-1,
0,
0,
0,
-1,
0,
-1,
0,
-1,
0,
-1,
0,
-1,
0,
-1,
0,
-1,
0,
-1,
0,
-1,
0,
-1,
0,
-1,
0,
-1,
0,
-1,
0,
-1,