0,
0,
1,
1,
1,
1,
0,
-1,
0,
-1,
1,
0,
-1,
-1,
0,
0,
0,
0,
-1,
-1,
0,
0,
0,
-1,
0,
0,
0,
0,
0,
0,
0,
0,
0,
0,
0,
0,
0,
1,
0,
0,
-1,
0,
0,
0,
0,
0,
0,
0,
-1,
0,
-2,
-2,
-2,
0,
0,
0,
0,
0,
0,
0,
1,
1,
0,
0,
1,
0,
0,
0,
0,
0,
0,
0,
0,
0,
0,
0,
-1,
0,
-1,
-1,
-1,
-1,
0,
1,
0,
0,
-1,
-1,
0,
-1,
0,
1,
1,
0,
-1,
0,
0,
0,
0,
0,
0,
0,
0,
0,
0,
0,
1,
0,
1,
1,
-1,
0,
-1,
0,
0,
0,
0,
0,
0,
0,
-1,
0,
-1,
0,
0,
0,
0,
-1,
0,
0,
0,
0,
0,
-1,
0,
0,
1,
0,
-1,
0,
0,
0,
0,
1,
0,
-1,
0,
0,
0,
0,
0,
1,
1,
1,
1,
0,
0,
-1,
0,
1,
0,
0,
0,
1,
0,
0,
0,
0,
1,
0,
0,
0,
1,
1,
0,
-1,
0,
-1,
0,
0,
0,
-1,
0,
1,
1,
0,
0,
0,
0,
0,
-1,
-1,
0,
1,
1,
-1,
1,
0,
0,
0,
0,
0,
0,
-1,
0,
0,
0,
0,
0,
0,
0,
-1,
0,
0,
0,
0,
0,
0,
0,
-1,
0,
0,
1,
0,
0,
0,
0,
0,
-1,
0,
0,
0,
0,
1,
0,
0,
0,
0,
1,
0,
0,
-1,
0,
1,
1,
1,
0,
-1,
0,
0,
-1,
0,
0,
0,
0,
0,
-1,
0,
0,
-1,
0,
-1,
0,
-1,
-1,
0,
0,
0,
0,
1,
1,
0,
0,
0,
1,
0,
0,
0,
1,
-1,
-1,
-1,
0,
0,
0,
-1,
-1,
0,
-1,
0,
-1,
0,
0,
-1,
1,
0,
0,
0,
0,
-1,
0,
-1,
0,
0,
0,
1,
0,
0,
-1,
0,
0,
1,
0,
0,
-1,
0,
0,
0,
0,
0,
0,
0,
0,
0,
0,
0,
0,
0,
-1,
0,
0,
0,
1,
0,
0,
0,
0,
0,
1,
0,
0,
0,
0,
1,
1,
1,
0,
-1,
-1,
1,
1,
0,
0,
0,
-1,
0,
0,
-1,
0,
0,
0,
0,
-1,
0,
0,
0,
0,
-1,
0,
-1,
0,
0,
0,
1,
0,
0,
-2,
-1,
-1,
0,
0,
0,
-1,
0,
0,
0,
0,
0,
1,
0,
0,
0,
0,
-1,
0,
1,
-1,
0,
-1,
0,
1,
0,
0,
0,
0,
-1,
0,
0,
0,
0,
0,
-1,
0,
0,
0,
0,
0,
0,
0,
0,
1,
-1,
0,
1,
0,
0,
-1,
-1,
1,
0,
1,
1,
1,
1,
0,
1,
0,
0,
-1,
0,
0,
1,
0,
0,
0,
0,
0,
0,
0,
-1,
0,
1,
0,
-1,
1,
1,
0,
0,
0,
0,
0,
0,
0,
0,
1,
0,
0,
0,
0,
0,
1,
-1,
0,
0,
0,
0,
0,
1,
0,
-1,
0,
0,
1,
1,
0,
0,
1,
1,
0,
-1,
0,
0,
0,
1,
-1,
0,
0,
0,
1,
0,
0,
-1,
-1,
0,
0,
0,
1,
0,
0,
1,
0,
0,
-1,
0,
0,
0,
1,
1,
0,
0,
1,
0,
-1,
0,
-1,
-1,
1,
0,
1,
1,
0,
0,
0,
0,
0,
0,
1,
0,
0,
1,
-1,
0,
1,
1,
-1,
0,
-1,
1,
-1,
-1,
0,
1,
0,
1,
-1,
0,
-1,
0,
0,
0,
0,
0,
-1,
0,
0,
0,
1,
0,
0,
0,
-1,
1,
1,
-1,
-1,
0,
-1,
0,
0,
0,
1,
0,
0,
0,
-1,
0,
0,
0,
0,
1,
0,
0,
-1,
-1,
0,
-1,
-1,
-1,
-1,
-1,
1,
1,
0,
0,
0,
0,
0,
-1,
0,
0,
1,
0,
0,
0,
0,
0,
1,
1,
0,
1,
0,
-1,
0,
0,
0,
0,
1,
0,
-1,
-1,
-1,
0,
0,
-1,
1,
1,
0,
-1,
0,
0,
0,
0,
0,
-1,
-1,
0,
1,
0,
0,
-1,
0,
0,
0,
0,
0,
0,
0,
1,
0,
0,
0,
0,
-1,
0,
0,
1,
0,
1,
1,
0,
0,
0,
0,
0,
0,
0,
-1,
-1,
0,
1,
0,
0,
0,
1,
0,
0,
0,
0,
0,
0,
1,
0,
0,
1,
-1,
-1,
-1,
-1,
0,
1,
-1,
-1,
-1,
-1,
0,
0,
0,
1,
1,
0,
0,
0,
0,
0,
-1,
0,
0,
1,
0,
0,
0,
0,
0,
0,
0,
0,
0,
0,
0,
0,
0,
0,
0,
-1,
0,
0,
0,
0,
0,
0,
0,
0,
0,
-1,
0,
0,
1,
0,
0,
-1,
0,
-1,
-1,
-1,
0,
0,
-1,
-1,
-1,
0,
0,
-1,
-1,
0,
0,
0,
-1,
-1,
-1,
0,
1,
0,
0,
0,
0,
1,
1,
0,
0,
0,
0,
-1,
-1,
-1,
0,
0,
0,
-1,
-1,
1,
0,
0,
-1,
0,
0,
1,
0,
1,
0,
0,
1,
0,
1,
0,
-1,
0,
0,
1,
0,
-1,
0,
0,
0,
0,
0,
0,
-1,
-1,
0,
0,
1,
-1,
-1,
0,
0,
0,
0,
1,
0,
0,
0,
0,
0,
1,
1,
0,
-1,
0,
1,
0,
0,
-1,
-1,
0,
0,
0,
-1,
0,
1,
0,
1,
1,
0,
0,
1,
0,
0,
0,
0,
0,
0,
0,
-1,
0,
0,
0,
-1,
-1,
0,
-1,
0,
0,
1,
0,
0,
0,
0,
1,
0,
-1,
0,
-1,
-1,
-1,
0,
-1,
-1,
0,
0,
-1,
0,
1,
1,
-1,
-2,
-1,
0,
0,
0,
1,
1,
1,
0,
0,
-1,
0,
0,
0,
-1,
-1,
-1,
0,
1,
0,
0,
-1,
0,
-1,
-1,
1,
-1,
0,
0,
1,
1,
0,
-1,
-1,
1,
0,
-1,
0,
-1,
1,
0,
0,
1,
1,
1,
0,
-1,
1,
0,
-1,
0,
0,
0,
0,
0,
0,
0,
0,
-1,
0,
-1,
0,
0,
0,
0,
-1,
0,
1,
0,
0,
0,
0,
1,
1,
0,
0,
0,
-1,
-1,
0,
-1,
-1,
0,
0,
0,
0,
0,
-1,
-1,
1,
1,
0,
0,
0,
1,
1,
0,
0,
1,
0,
0,
1,
0,
0,
-1,
0,
0,
0,
0,
0,
1,
0,
-1,
0,
0,
0,
0,
-1,
0,
1,
0,
-1,
-1,
0,
1,
0,
0,
1,
1,
1,
-1,
0,
0,
0,
0,
0,
0,
1,
1,
0,
-1,
0,
0,
1,
-1,
-1,
0,
-1,
-1,
0,
1,
1,
1,
0,
0,
0,
0,
-1,
-1,
1,
1,
-1,
-2,
0,
0,
0,
0,
1,
1,
0,
-1,
1,
0,
0,
0,
0,
-1,
-2,
-1,
1,
0,
-1,
-1,
0,
1,
0,
-1,
0,
1,
1,
-1,
0,
0,
-1,
-1,
0,
0,
0,
-1,
1,
1,
0,
0,
1,
0,
1,
0,
0,
0,
1,
-1,
0,
0,
0,
0,
1,
0,
0,
-1,
0,
1,
0,
-1,
0,
1,
0,
0,
1,
-1,
-1,
-1,
1,
1,
0,
-1,
0,
1,
0,
-1,
0,
1,
0,
0,
0,
1,
0,
0,
1,
1,
-1,
0,
0,
1,
-1,
-1,
1,
1,
0,
-2,
0,
0,
-2,
-2,
1,
1,
0,
-1,
1,
1,
-1,
-1,
1,
1,
0,
-1,
1,
2,
1,
-1,
0,
0,
1,
0,
0,
1,
-1,
-1,
0,
1,
0,
-1,
2,
1,
-1,
-1,
0,
1,
0,
-1,
0,
0,
-1,
-2,
0,
1,
-1,
-1,
0,
3,
-1,
-1,
-1,
1,
0,
-1,
1,
0,
0,
0,
1,
2,
-1,
-2,
0,
1,
-1,
-2,
1,
2,
-1,
-2,
0,
1,
-1,
-2,
0,
2,
0,
-1,
1,
1,
0,
-2,
0,
2,
0,
-1,
0,
0,
-1,
-2,
0,
2,
0,
-1,
0,
2,
0,
-2,
0,
1,
-1,
-2,
0,
2,
-1,
-2,
1,
3,
1,
-2,
1,
2,
-1,
-2,
1,
2,
-1,
-2,
1,
3,
0,
-3,
1,
2,
0,
-3,
0,
3,
0,
-2,
1,
2,
-1,
-3,
0,
3,
0,
-2,
0,
3,
0,
-2,
1,
3,
1,
-2,
0,
3,
0,
-2,
0,
2,
-1,
-2,
1,
3,
0,
-2,
1,
4,
0,
-2,
0,
3,
-1,
-3,
1,
3,
-1,
-2,
0,
2,
-1,
-4,
0,
2,
-1,
-3,
0,
3,
1,
-3,
1,
4,
0,
-3,
1,
3,
0,
-2,
0,
3,
0,
-3,
1,
2,
0,
-3,
1,
3,
-1,
-3,
1,
4,
0,
-3,
1,
2,
-1,
-4,
0,
4,
1,
-3,
0,
3,
-1,
-2,
1,
4,
0,
-3,
0,
3,
-1,
-5,
1,
4,
0,
-2,
0,
3,
-1,
-3,
0,
3,
-1,
-3,
0,
4,
0,
-3,
1,
4,
-1,
-4,
1,
5,
0,
-5,
1,
4,
0,
-3,
1,
5,
0,
-3,
1,
5,
1,
-4,
0,
4,
1,
-3,
0,
4,
0,
-4,
-1,
2,
0,
-4,
-2,
3,
0,
-4,
1,
4,
0,
-5,
-2,
4,
1,
-4,
-1,
5,
1,
-4,
-1,
4,
1,
-6,
-3,
4,
2,
-4,
-3,
4,
2,
-5,
-4,
4,
2,
-5,
-3,
5,
3,
-5,
-3,
6,
4,
-6,
-6,
5,
6,
-5,
-6,
5,
6,
-6,
-7,
6,
7,
-5,
-7,
6,
9,
-7,
-10,
6,
10,
-6,
-11,
8,
12,
-8,
-12,
8,
15,
-9,
-16,
9,
17,
-10,
-18,
11,
21,
-12,
-22,
12,
23,
-17,
-27,
18,
30,
-22,
-34,
25,
40,
-32,
-48,
37,
61,
-43,
-77,
50,
97,
-58,
-128,
69,
174,
-83,
-246,
109,
400,
-134,
-692,
630,
4187,
7707,
8700,
7098,
4632,
2337,
-117,
-2943,
-5458,
-7013,
-7728,
-7913,
-7412,
-5992,
-3867,
-1454,
1066,
3590,
5790,
7286,
7957,
7849,
6938,
5228,
2941,
402,
-2161,
-4560,
-6501,
-7705,
-8077,
-7653,
-6452,
-4531,
-2105,
509,
3047,
5294,
7010,
7969,
8080,
7361,
5876,
3747,
1213,
-1430,
-3923,
-6025,
-7487,
-8117,
-7870,
-6817,
-5063,
-2753,
-132,
2482,
4810,
6635,
7782,
8117,
7596,
6280,
4310,
1885,
-728,
-3248,
-5431,
-7070,
-7979,
-8033,
-7223,
-5663,
-3516,
-977,
1695,
4190,
6224,
7583,
8138,
7830,
6689,
4844,
2497,
-108,
-2694,
-4986,
-6758,
-7841,
-8117,
-7528,
-6134,
-4107,
-1669,
949,
3485,
5656,
7207,
7973,
7890,
6980,
5330,
3110,
550,
-2076,
-4478,
-6392,
-7627,
-8080,
-7701,
-6507,
-4615,
-2241,
348,
2894,
5160,
6908,
7934,
8120,
7446,
5984,
3883,
1364,
-1306,
-3838,
-5949,
-7401,
-8046,
-7841,
-6823,
-5090,
-2820,
-269,
2277,
4569,
6395,
7568,
7950,
7491,
6249,
4359,
2016,
-543,
-3060,
-5275,
-6946,
-7876,
-7963,
-7212,
-5706,
-3586,
-1060,
1588,
4048,
6059,
7423,
8009,
7751,
6676,
4905,
2626,
80,
-2470,
-4761,
-6566,
-7692,
-8006,
-7470,
-6150,
-4193,
-1793,
810,
3326,
5469,
7017,
7822,
7804,
6953,
5354,
3189,
692,
-1869,
-4228,
-6143,
-7425,
-7936,
-7605,
-6466,
-4652,
-2366,
170,
2711,
4979,
6718,
7739,
7949,
7332,
5946,
3930,
1500,
-1087,
-3553,
-5636,
-7118,
-7852,
-7760,
-6839,
-5178,
-2972,
-465,
2092,
4442,
6334,
7548,
7960,
7544,
6350,
4491,
2149,
-433,
-2974,
-5200,
-6870,
-7814,
-7939,
-7225,
-5731,
-3611,
-1115,
1473,
3886,
5894,
7291,
7915,
7695,
6667,
4951,
2725,
210,
-2341,
-4660,
-6495,
-7644,
-7986,
-7501,
-6242,
-4321,
-1932,
661,
3167,
5330,
6936,
7815,
7856,
7043,
5475,
3331,
845,
-1727,
-4121,
-6088,
-7410,
-7939,
-7628,
-6531,
-4768,
-2501,
47,
2599,
4865,
6608,
7666,
7938,
7385,
6049,
4065,
1652,
-927,
-3399,
-5512,
-7052,
-7847,
-7796,
-6900,
-5275,
-3107,
-615,
1953,
4324,
6234,
7482,
7951,
7600,
6457,
4625,
2295,
-284,
-2832,
-5077,
-6788,
-7785,
-7954,
-7260,
-5777,
-3684,
-1216,
1372,
3825,
5885,
7319,
7971,
7789,
6804,
5120,
2905,
379,
-2192,
-4530,
-6385,
-7566,
-7963,
-7534,
-6308,
-4407,
-2036,
542,
3058,
5256,
6905,
7815,
7883,
7111,
5587,
3475,
995,
-1596,
-4021,
-6019,
-7377,
-7961,
-7719,
-6676,
-4928,
-2656,
-108,
2437,
4720,
6521,
7653,
7987,
7472,
6165,
4213,
1820,
-770,
-3293,
-5475,
-7070,
-7897,
-7875,
-7022,
-5433,
-3270,
-757,
1831,
4209,
6136,
7424,
7944,
7630,
6508,
4696,
2390,
-162,
-2701,
-4962,
-6702,
-7723,
-7910,
-7257,
-5849,
-3836,
-1419,
1156,
3605,
5655,
7097,
7798,
7696,
6790,
5162,
2983,
498,
-2023,
-4320,
-6169,
-7384,
-7826,
-7439,
-6261,
-4432,
-2152,
354,
2838,
5033,
6691,
7626,
7750,
7059,
5625,
3586,
1152,
-1408,
-3814,
-5811,
-7198,
-7840,
-7664,
-6673,
-4975,
-2761,
-275,
2234,
4527,
6358,
7518,
7872,
7389,
6133,
4233,
1873,
-705,
-3215,
-5370,
-6933,
-7752,
-7762,
-6962,
-5426,
-3311,
-855,
1668,
4000,
5912,
7219,
7774,
7509,
6453,
4731,
2523,
50,
-2448,
-4708,
-6485,
-7579,
-7870,
-7331,
-6013,
-4040,
-1618,
982,
3461,
5553,
7047,
7796,
7721,
6825,
5213,
3068,
622,
-1881,
-4198,
-6091,
-7352,
-7834,
-7490,
-6366,
-4583,
-2318,
205,
2714,
4927,
6604,
7573,
7744,
7095,
5687,
3665,
1254,
-1279,
-3668,
-5669,
-7079,
-7749,
-7603,
-6659,
-5026,
-2874,
-417,
2101,
4413,
6263,
7456,
7866,
7451,
6243,
4358,
1994,
-582,
-3084,
-5247,
-6854,
-7740,
-7806,
-7037,
-5520,
-3432,
-998,
1535,
3919,
5901,
7259,
7847,
7611,
6590,
4888,
2670,
157,
-2380,
-4667,
-6458,
-7571,
-7888,
-7365,
-6047,
-4074,
-1677,
881,
3332,
5430,
6955,
7740,
7702,
6860,
5312,
3220,
783,
-1757,
-4119,
-6044,
-7326,
-7845,
-7554,
-6476,
-4709,
-2432,
99,
2603,
4821,
6537,
7574,
7810,
7203,
5818,
3823,
1437,
-1094,
-3521,
-5586,
-7059,
-7777,
-7670,
-6764,
-5159,
-3009,
-530,
2008,
4326,
6181,
7393,
7845,
7477,
6316,
4478,
2171,
-354,
-2840,
-5042,
-6719,
-7679,
-7806,
-7093,
-5636,
-3597,
-1177,
1376,
3790,
5796,
7177,
7806,
7635,
6678,
5018,
2814,
307,
-2222,
-4507,
-6319,
-7471,
-7833,
-7351,
-6074,
-4154,
-1801,
735,
3199,
5334,
6904,
7735,
7750,
6959,
5447,
3362,
916,
-1628,
-3995,
-5940,
-7273,
-7860,
-7631,
-6595,
-4854,
-2602,
-80,
2448,
4726,
6506,
7584,
7832,
7231,
5869,
3900,
1532,
-993,
-3408,
-5448,
-6899,
-7622,
-7557,
-6713,
-5167,
-3078,
-668,
1804,
4081,
5936,
7182,
7681,
7368,
6276,
4523,
2292,
-193,
-2673,
-4875,
-6552,
-7522,
-7688,
-7043,
-5658,
-3671,
-1295,
1207,
3566,
5542,
6943,
7634,
7529,
6625,
5016,
2879,
445,
-2036,
-4314,
-6144,
-7315,
-7690,
-7238,
-6023,
-4177,
-1884,
620,
3063,
5176,
6738,
7596,
7666,
6938,
5479,
3441,
1050,
-1436,
-3763,
-5699,
-7047,
-7652,
-7446,
-6458,
-4801,
-2648,
-204,
2279,
4531,
6297,
7382,
7686,
7185,
5928,
4029,
1689,
-830,
-3247,
-5307,
-6812,
-7613,
-7618,
-6812,
-5282,
-3205,
-810,
1660,
3968,
5877,
7172,
7703,
7416,
6354,
4623,
2393,
-111,
-2613,
-4827,
-6516,
-7513,
-7718,
-7111,
-5744,
-3769,
-1407,
1079,
3442,
5448,
6896,
7621,
7535,
6655,
5086,
2999,
593,
-1891,
-4189,
-6038,
-7233,
-7658,
-7279,
-6135,
-4327,
-2041,
473,
2928,
5066,
6670,
7585,
7708,
7014,
5574,
3550,
1167,
-1330,
-3693,
-5676,
-7066,
-7711,
-7548,
-6603,
-4975,
-2826,
-371,
2126,
4393,
6188,
7327,
7695,
7243,
6010,
4124,
1802,
-698,
-3115,
-5206,
-6755,
-7593,
-7625,
-6855,
-5378,
-3353,
-972,
1524,
3879,
5831,
7163,
7738,
7497,
6463,
4731,
2481,
-34,
-2537,
-4759,
-6472,
-7504,
-7743,
-7165,
-5837,
-3906,
-1580,
909,
3304,
5357,
6848,
7616,
7588,
6777,
5260,
3183,
757,
-1753,
-4071,
-5954,
-7213,
-7717,
-7396,
-6269,
-4460,
-2177,
323,
2783,
4955,
6612,
7567,
7718,
7057,
5668,
3700,
1347,
-1157,
-3546,
-5558,
-6982,
-7674,
-7576,
-6685,
-5088,
-2944,
-494,
1998,
4272,
6100,
7288,
7698,
7274,
6069,
4226,
1946,
-543,
-2988,
-5124,
-6713,
-7584,
-7664,
-6960,
-5540,
-3532,
-1136,
1388,
3755,
5722,
7090,
7724,
7540,
6537,
4821,
2592,
103,
-2384,
-4627,
-6388,
-7473,
-7759,
-7223,
-5942,
-4049,
-1732,
775,
3205,
5291,
6808,
7612,
7628,
6847,
5344,
3270,
856,
-1634,
-3943,
-5842,
-7135,
-7669,
-7370,
-6279,
-4524,
-2301,
167,
2633,
4833,
6516,
7498,
7688,
7082,
5745,
3805,
1455,
-1050,
-3433,
-5445,
-6887,
-7624,
-7574,
-6726,
-5162,
-3050,
-620,
1876,
4182,
6058,
7291,
7733,
7343,
6172,
4352,
2070,
-436,
-2896,
-5041,
-6642,
-7544,
-7665,
-6989,
-5580,
-3583,
-1221,
1252,
3588,
5558,
6963,
7644,
7514,
6587,
4965,
2817,
361,
-2156,
-4455,
-6277,
-7415,
-7757,
-7282,
-6043,
-4170,
-1858,
644,
3066,
5159,
6715,
7579,
7653,
6917,
5444,
3398,
994,
-1519,
-3878,
-5825,
-7145,
-7690,
-7414,
-6360,
-4638,
-2422,
56,
2526,
4719,
6408,
7429,
7686,
7140,
5840,
3920,
1599,
-876,
-3254,
-5304,
-6816,
-7615,
-7607,
-6789,
-5256,
-3171,
-740,
1786,
4126,
6012,
7236,
7679,
7311,
6174,
4388,
2144,
-313,
-2716,
-4821,
-6427,
-7375,
-7557,
-6944,
-5602,
-3686,
-1393,
1048,
3395,
5398,
6829,
7530,
7435,
6563,
4996,
2886,
449,
-2043,
-4303,
-6087,
-7224,
-7607,
-7190,
-6006,
-4180,
-1921,
520,
2895,
4975,
6551,
7444,
7548,
6853,
5445,
3475,
1139,
-1330,
-3664,
-5603,
-6936,
-7530,
-7333,
-6362,
-4706,
-2540,
-105,
2330,
4510,
6224,
7295,
7603,
7102,
5849,
3993,
1731,
-711,
-3090,
-5157,
-6678,
-7484,
-7499,
-6734,
-5275,
-3256,
-883,
1590,
3887,
5755,
7011,
7531,
7257,
6203,
4480,
2280,
-152,
-2560,
-4702,
-6360,
-7353,
-7574,
-7001,
-5704,
-3817,
-1527,
936,
3311,
5337,
6795,
7534,
7476,
6626,
5057,
2940,
514,
-1949,
-4192,
-5991,
-7163,
-7582,
-7194,
-6047,
-4277,
-2072,
346,
2740,
4859,
6466,
7389,
7535,
6900,
5551,
3618,
1294,
-1172,
-3511,
-5474,
-6862,
-7530,
-7399,
-6469,
-4841,
-2698,
-274,
2177,
4402,
6163,
7266,
7595,
7125,
5920,
4101,
1847,
-609,
-3004,
-5076,
-6609,
-7459,
-7541,
-6839,
-5408,
-3401,
-1038,
1420,
3717,
5627,
6948,
7528,
7292,
6272,
4592,
2439,
29,
-2392,
-4574,
-6272,
-7306,
-7577,
-7068,
-5826,
-3965,
-1671,
806,
3193,
5239,
6732,
7517,
7496,
6662,
5108,
3021,
631,
-1820,
-4085,
-5923,
-7130,
-7578,
-7232,
-6146,
-4429,
-2245,
191,
2615,
4758,
6390,
7356,
7565,
6987,
5663,
3729,
1401,
-1058,
-3395,
-5377,
-6798,
-7495,
-7383,
-6474,
-4882,
-2786,
-396,
2045,
4284,
6071,
7210,
7593,
7187,
6036,
4245,
1995,
-468,
-2874,
-4971,
-6556,
-7466,
-7595,
-6915,
-5498,
-3502,
-1145,
1335,
3685,
5654,
7016,
7613,
7390,
6389,
4727,
2569,
135,
-2317,
-4515,
-6226,
-7287,
-7600,
-7128,
-5904,
-4052,
-1769,
692,
3075,
5133,
6651,
7459,
7463,
6666,
5168,
3134,
776,
-1666,
-3928,
-5764,
-6984,
-7471,
-7185,
-6151,
-4471,
-2314,
85,
2465,
4585,
6232,
7239,
7490,
6946,
5665,
3794,
1535,
-882,
-3214,
-5209,
-6645,
-7359,
-7283,
-6436,
-4912,
-2863,
-503,
1915,
4124,
5893,
7043,
7459,
7097,
5987,
4248,
2068,
-322,
-2680,
-4769,
-6370,
-7307,
-7471,
-6849,
-5508,
-3585,
-1273,
1192,
3532,
5485,
6838,
7462,
7303,
6375,
4769,
2655,
272,
-2119,
-4275,
-5988,
-7091,
-7453,
-7023,
-5854,
-4078,
-1888,
505,
2866,
4942,
6503,
7371,
7461,
6765,
5351,
3357,
989,
-1486,
-3789,
-5675,
-6957,
-7507,
-7266,
-6255,
-4587,
-2449,
-73,
2308,
4461,
6159,
7212,
7496,
6987,
5756,
3926,
1680,
-759,
-3117,
-5129,
-6575,
-7320,
-7297,
-6508,
-5020,
-2988,
-642,
1757,
3957,
5747,
6946,
7423,
7115,
6054,
4363,
2225,
-150,
-2526,
-4652,
-6295,
-7266,
-7464,
-6879,
-5568,
-3657,
-1345,
1111,
3434,
5375,
6745,
7410,
7295,
6403,
4833,
2764,
421,
-1964,
-4153,
-5921,
-7069,
-7464,
-7071,
-5943,
-4202,
-2015,
402,
2790,
4880,
6444,
7323,
7432,
6759,
5362,
3383,
1048,
-1381,
-3648,
-5523,
-6822,
-7403,
-7204,
-6246,
-4638,
-2552,
-195,
2193,
4362,
6076,
7149,
7476,
7028,
5847,
4046,
1811,
-612,
-2962,
-4991,
-6495,
-7316,
-7357,
-6602,
-5133,
-3121,
-791,
1617,
3859,
5702,
6941,
7439,
7152,
6124,
4463,
2335,
-47,
-2430,
-4554,
-6194,
-7189,
-7440,
-6914,
-5658,
-3801,
-1546,
865,
3183,
5170,
6612,
7348,
7291,
6454,
4941,
2913,
574,
-1835,
-4052,
-5836,
-6999,
-7438,
-7113,
-6047,
-4335,
-2149,
267,
2648,
4747,
6351,
7290,
7449,
6799,
5411,
3454,
1142,
-1283,
-3579,
-5507,
-6851,
-7468,
-7299,
-6378,
-4801,
-2723,
-353,
2056,
4239,
5973,
7085,
7468,
7069,
5916,
4127,
1904,
-510,
-2871,
-4936,
-6480,
-7323,
-7367,
-6618,
-5179,
-3212,
-912,
1486,
3726,
5558,
6791,
7314,
7090,
6138,
4537,
2450,
101,
-2244,
-4344,
-5997,
-7040,
-7350,
-6881,
-5679,
-3877,
-1673,
708,
3027,
5036,
6505,
7268,
7249,
6466,
5005,
3014,
701,
-1682,
-3876,
-5652,
-6836,
-7313,
-7029,
-5999,
-4327,
-2199,
153,
2484,
4561,
6169,
7117,
7298,
6694,
5388,
3526,
1290,
-1096,
-3377,
-5295,
-6646,
-7299,
-7195,
-6344,
-4826,
-2794,
-469,
1894,
4048,
5775,
6904,
7312,
6950,
5854,
4148,
2012,
-336,
-2657,
-4704,
-6252,
-7129,
-7250,
-6606,
-5263,
-3354,
-1078,
1314,
3563,
5429,
6730,
7335,
7171,
6246,
4659,
2589,
261,
-2092,
-4234,
-5946,
-7033,
-7369,
-6921,
-5743,
-3960,
-1749,
662,
3006,
5022,
6488,
7261,
7268,
6509,
5065,
3090,
802,
-1553,
-3737,
-5534,
-6761,
-7280,
-7031,
-6043,
-4428,
-2354,
-23,
2324,
4431,
6059,
7031,
7257,
6721,
5473,
3633,
1392,
-995,
-3264,
-5180,
-6559,
-7261,
-7205,
-6384,
-4887,
-2885,
-596,
1751,
3926,
5703,
6883,
7331,
7009,
5959,
4292,
2170,
-194,
-2540,
-4608,
-6177,
-7088,
-7253,
-6646,
-5323,
-3425,
-1169,
1196,
3428,
5304,
6632,
7260,
7116,
6225,
4694,
2687,
393,
-1963,
-4132,
-5868,
-6978,
-7352,
-6960,
-5837,
-4080,
-1868,
548,
2891,
4910,
6405,
7231,
7296,
6582,
5166,
3210,
930,
-1438,
-3662,
-5512,
-6785,
-7340,
-7121,
-6166,
-4574,
-2502,
-152,
2223,
4364,
6041,
7082,
7381,
6896,
5663,
3818,
1570,
-825,
-3117,
-5078,
-6507,
-7247,
-7216,
-6423,
-4968,
-3006,
-728,
1640,
3852,
5660,
6864,
7344,
7063,
6049,
4398,
2274,
-90,
-2436,
-4517,
-6121,
-7082,
-7296,
-6729,
-5442,
-3577,
-1342,
1032,
3300,
5222,
6590,
7260,
7166,
6330,
4836,
2828,
508,
-1871,
-4051,
-5802,
-6945,
-7358,
-6988,
-5860,
-4097,
-1901,
481,
2804,
4832,
6359,
7212,
7297,
6615,
5250,
3348,
1097,
-1280,
-3530,
-5408,
-6713,
-7313,
-7158,
-6256,
-4692,
-2626,
-285,
2078,
4217,
5917,
6997,
7329,
6870,
5674,
3882,
1687,
-688,
-2999,
-4997,
-6458,
-7229,
-7241,
-6508,
-5099,
-3146,
-854,
1529,
3742,
5555,
6797,
7347,
7134,
6164,
4536,
2430,
81,
-2276,
-4403,
-6075,
-7097,
-7346,
-6803,
-5540,
-3700,
-1467,
927,
3226,
5170,
6559,
7257,
7201,
6397,
4919,
2921,
626,
-1719,
-3881,
-5645,
-6834,
-7309,
-7009,
-5964,
-4294,
-2175,
181,
2539,
4640,
6240,
7158,
7306,
6688,
5374,
3490,
1234,
-1151,
-3397,
-5272,
-6597,
-7249,
-7153,
-6299,
-4771,
-2737,
-422,
1937,
4099,
5835,
6949,
7310,
6884,
5727,
3971,
1792,
-585,
-2908,
-4920,
-6408,
-7222,
-7288,
-6596,
-5210,
-3275,
-1002,
1359,
3568,
5408,
6697,
7286,
7104,
6164,
4575,
2505,
163,
-2213,
-4361,
-6037,
-7051,
-7303,
-6782,
-5556,
-3751,
-1552,
799,
3052,
4968,
6364,
7101,
7099,
6352,
4937,
3005,
766,
-1551,
-3713,
-5494,
-6696,
-7191,
-6928,
-5938,
-4321,
-2233,
105,
2438,
4505,
6084,
7017,
7213,
6645,
5369,
3523,
1319,
-1005,
-3214,
-5090,
-6442,
-7120,
-7043,
-6223,
-4758,
-2804,
-553,
1769,
3913,
5640,
6761,
7163,
6810,
5735,
4039,
1901,
-443,
-2735,
-4734,
-6240,
-7096,
-7205,
-6549,
-5200,
-3315,
-1094,
1241,
3455,
5312,
6606,
7199,
7043,
6165,
4651,
2644,
344,
-1992,
-4107,
-5777,
-6838,
-7184,
-6769,
-5618,
-3854,
-1683,
652,
2907,
4859,
6307,
7094,
7125,
6407,
5028,
3136,
914,
-1421,
-3623,
-5447,
-6692,
-7231,
-7011,
-6047,
-4426,
-2320,
35,
2372,
4445,
6047,
7016,
7244,
6701,
5452,
3645,
1474,
-844,
-3085,
-5013,
-6411,
-7127,
-7093,
-6327,
-4906,
-2967,
-701,
1646,
3809,
5554,
6707,
7158,
6854,
5810,
4131,
2011,
-314,
-2599,
-4617,
-6161,
-7059,
-7208,
-6597,
-5302,
-3462,
-1262,
1077,
3309,
5191,
6523,
7173,
7080,
6248,
4756,
2756,
464,
-1867,
-3993,
-5700,
-6811,
-7197,
-6804,
-5679,
-3951,
-1816,
510,
2791,
4785,
6275,
7095,
7169,
6505,
5171,
3295,
1061,
-1292,
-3510,
-5354,
-6635,
-7219,
-7038,
-6098,
-4502,
-2426,
-99,
2233,
4329,
5970,
6976,
7242,
6747,
5553,
3783,
1617,
-728,
-2995,
-4938,
-6355,
-7109,
-7126,
-6400,
-4995,
-3057,
-803,
1523,
3681,
5457,
6666,
7165,
6889,
5871,
4233,
2154,
-156,
-2462,
-4515,
-6087,
-7008,
-7191,
-6627,
-5372,
-3552,
-1355,
982,
3206,
5088,
6443,
7133,
7081,
6281,
4817,
2848,
584,
-1749,
-3911,
-5669,
-6815,
-7221,
-6852,
-5763,
-4067,
-1935,
410,
2711,
4707,
6195,
7035,
7158,
6542,
5234,
3365,
1146,
-1180,
-3375,
-5220,
-6525,
-7132,
-6967,
-6050,
-4498,
-2483,
-214,
2081,
4159,
5789,
6800,
7096,
6658,
5535,
3830,
1716,
-579,
-2805,
-4729,
-6166,
-6969,
-7041,
-6361,
-5000,
-3114,
-907,
1396,
3559,
5352,
6567,
7065,
6804,
5829,
4251,
2224,
-50,
-2321,
-4340,
-5888,
-6818,
-7047,
-6548,
-5360,
-3602,
-1466,
813,
2996,
4871,
6250,
6980,
6974,
6225,
4822,
2913,
690,
-1621,
-3771,
-5517,
-6666,
-7100,
-6783,
-5750,
-4104,
-2019,
273,
2523,
4498,
6004,
6891,
7061,
6488,
5232,
3434,
1291,
-984,
-3168,
-5035,
-6376,
-7036,
-6947,
-6127,
-4660,
-2690,
-419,
1906,
4017,
5689,
6751,
7102,
6703,
5597,
3898,
1796,
-483,
-2706,
-4651,
-6116,
-6941,
-7035,
-6391,
-5083,
-3245,
-1061,
1244,
3419,
5223,
6466,
7024,
6843,
5936,
4392,
2370,
99,
-2172,
-4206,
-5806,
-6806,
-7093,
-6626,
-5461,
-3732,
-1626,
653,
2876,
4810,
6238,
7000,
7023,
6306,
4924,
3008,
759,
-1572,
-3724,
-5466,
-6624,
-7084,
-6795,
-5781,
-4156,
-2106,
151,
2389,
4387,
5935,
6862,
7062,
6526,
5321,
3567,
1431,
-875,
-3098,
-4987,
-6341,
-7023,
-6972,
-6184,
-4724,
-2746,
-478,
1822,
3911,
5585,
6682,
7075,
6715,
5645,
3992,
1936,
-319,
-2553,
-4532,
-6034,
-6895,
-7032,
-6444,
-5188,
-3383,
-1209,
1094,
3277,
5108,
6404,
7032,
6913,
6045,
4519,
2515,
254,
-2031,
-4107,
-5756,
-6791,
-7097,
-6651,
-5517,
-3821,
-1723,
567,
2806,
4746,
6176,
6960,
7030,
6374,
5046,
3177,
970,
-1328,
-3474,
-5251,
-6478,
-7018,
-6802,
-5853,
-4286,
-2275,
-26,
2232,
4264,
5848,
6816,
7071,
6597,
5438,
3702,
1562,
-749,
-2978,
-4888,
-6282,
-7015,
-6998,
-6222,
-4774,
-2823,
-587,
1701,
3813,
5526,
6657,
7079,
6757,
5737,
4129,
2090,
-179,
-2438,
-4438,
-5967,
-6872,
-7065,
-6520,
-5283,
-3482,
-1312,
990,
3182,
5036,
6354,
6987,
6863,
6006,
4520,
2570,
356,
-1896,
-3944,
-5567,
-6601,
-6948,
-6581,
-5528,
-3889,
-1829,
424,
2626,
4549,
6005,
6844,
6964,
6343,
5044,
3214,
1052,
-1222,
-3378,
-5183,
-6431,
-6980,
-6779,
-5864,
-4338,
-2355,
-118,
2126,
4138,
5708,
6685,
6975,
6537,
5409,
3707,
1617,
-633,
-2813,
-4704,
-6103,
-6844,
-6844,
-6111,
-4738,
-2873,
-697,
1566,
3669,
5375,
6506,
6957,
6692,
5735,
4170,
2156,
-85,
-2303,
-4273,
-5803,
-6741,
-6979,
-6475,
-5281,
-3536,
-1431,
820,
2990,
4852,
6192,
6859,
6790,
6003,
4584,
2676,
472,
-1785,
-3847,
-5492,
-6564,
-6956,
-6623,
-5589,
-3962,
-1924,
304,
2498,
4443,
5942,
6820,
6972,
6385,
5129,
3336,
1185,
-1109,
-3294,
-5120,
-6382,
-6957,
-6800,
-5933,
-4440,
-2476,
-255,
1975,
3986,
5580,
6603,
6945,
6556,
5470,
3807,
1749,
-496,
-2698,
-4621,
-6048,
-6822,
-6863,
-6180,
-4843,
-2989,
-812,
1451,
3554,
5279,
6457,
6972,
6758,
5833,
4291,
2302,
81,
-2147,
-4160,
-5747,
-6730,
-6997,
-6522,
-5366,
-3655,
-1558,
709,
2905,
4780,
6134,
6830,
6806,
6062,
4672,
2783,
600,
-1637,
-3693,
-5364,
-6478,
-6915,
-6624,
-5638,
-4066,
-2073,
143,
2360,
4341,
5864,
6766,
6954,
6413,
5192,
3410,
1252,
-1036,
-3197,
-5005,
-6283,
-6905,
-6800,
-5970,
-4508,
-2581,
-398,
1827,
3869,
5518,
6587,
6958,
6596,
5548,
3922,
1879,
-376,
-2600,
-4548,
-6006,
-6830,
-6936,
-6306,
-4997,
-3149,
-973,
1286,
3398,
5152,
6366,
6908,
6712,
5813,
4317,
2379,
186,
-2045,
-4073,
-5670,
-6663,
-6962,
-6543,
-5449,
-3774,
-1689,
575,
2764,
4651,
6046,
6812,
6855,
6155,
4786,
2908,
734,
-1509,
-3596,
-5310,
-6462,
-6926,
-6662,
-5711,
-4172,
-2195,
27,
2260,
4254,
5797,
6729,
6957,
6443,
5233,
3456,
1313,
-954,
-3106,
-4929,
-6235,
-6884,
-6796,
-5993,
-4575,
-2692,
-532,
1697,
3764,
5436,
6529,
6939,
6630,
5635,
4041,
2006,
-250,
-2478,
-4436,
-5923,
-6789,
-6935,
-6333,
-5046,
-3221,
-1063,
1200,
3338,
5129,
6380,
6956,
6802,
5947,
4478,
2540,
331,
-1914,
-3951,
-5568,
-6607,
-6962,
-6587,
-5512,
-3848,
-1779,
472,
2668,
4589,
6033,
6832,
6891,
6208,
4873,
3030,
868,
-1394,
-3515,
-5261,
-6445,
-6952,
-6737,
-5823,
-4297,
-2317,
-95,
2129,
4125,
5696,
6680,
6966,
6517,
5379,
3677,
1589,
-674,
-2877,
-4780,
-6166,
-6885,
-6869,
-6130,
-4747,
-2858,
-663,
1596,
3673,
5353,
6475,
6933,
6667,
5689,
4102,
2085,
-141,
-2352,
-4324,
-5848,
-6748,
-6919,
-6351,
-5115,
-3348,
-1224,
1041,
3203,
5023,
6305,
6926,
6828,
6019,
4572,
2640,
442,
-1788,
-3824,
-5468,
-6553,
-6953,
-6614,
-5573,
-3943,
-1899,
359,
2597,
4564,
6028,
6828,
6890,
6232,
4929,
3113,
970,
-1264,
-3343,
-5058,
-6249,
-6805,
-6660,
-5811,
-4342,
-2418,
-250,
1941,
3938,
5533,
6548,
6862,
6445,
5349,
3688,
1630,
-612,
-2796,
-4674,
-6040,
-6760,
-6768,
-6066,
-4723,
-2881,
-745,
1448,
3479,
5151,
6296,
6785,
6554,
5629,
4120,
2187,
20,
-2161,
-4126,
-5646,
-6555,
-6760,
-6253,
-5089,
-3379,
-1299,
925,
3043,
4831,
6110,
6756,
6700,
5938,
4551,
2689,
554,
-1635,
-3659,
-5307,
-6402,
-6821,
-6526,
-5550,
-3997,
-2019,
180,
2362,
4285,
5745,
6595,
6751,
6189,
4958,
3193,
1092,
-1111,
-3190,
-4938,
-6172,
-6759,
-6629,
-5803,
-4376,
-2501,
-363,
1830,
3845,
5461,
6500,
6854,
6486,
5431,
3791,
1735,
-509,
-2689,
-4574,
-5972,
-6738,
-6790,
-6119,
-4802,
-2990,
-873,
1336,
3413,
5139,
6322,
6834,
6632,
5742,
4255,
2314,
120,
-2085,
-4056,
-5588,
-6528,
-6785,
-6325,
-5182,
-3481,
-1418,
782,
2893,
4708,
6038,
6735,
6717,
5989,
4638,
2811,
684,
-1528,
-3589,
-5271,
-6391,
-6840,
-6581,
-5637,
-4095,
-2116,
88,
2269,
4205,
5699,
6600,
6801,
6268,
5064,
3326,
1248,
-959,
-3072,
-4868,
-6145,
-6761,
-6666,
-5886,
-4498,
-2634,
-474,
1746,
3778,
5403,
6460,
6842,
6502,
5456,
3816,
1770,
-450,
-2608,
-4493,
-5911,
-6709,
-6793,
-6161,
-4890,
-3117,
-1024,
1189,
3284,
5034,
6249,
6809,
6665,
5827,
4373,
2449,
266,
-1936,
-3929,
-5510,
-6515,
-6829,
-6404,
-5288,
-3613,
-1568,
641,
2790,
4652,
6020,
6740,
6747,
6055,
4738,
2926,
797,
-1421,
-3487,
-5180,
-6335,
-6837,
-6634,
-5733,
-4222,
-2264,
-73,
2124,
4104,
5653,
6599,
6832,
6332,
5159,
3443,
1362,
-865,
-2997,
-4801,
-6094,
-6748,
-6707,
-5967,
-4597,
-2738,
-592,
1609,
3637,
5287,
6383,
6796,
6473,
5456,
3868,
1885,
-287,
-2428,
-4310,
-5730,
-6536,
-6656,
-6089,
-4893,
-3183,
-1133,
1037,
3090,
4814,
6039,
6638,
6543,
5753,
4354,
2499,
385,
-1773,
-3752,
-5339,
-6350,
-6673,
-6283,
-5233,
-3631,
-1638,
540,
2661,
4494,
5847,
6591,
6657,
6029,
4764,
2992,
912,
-1244,
-3259,
-4941,
-6117,
-6654,
-6485,
-5628,
-4181,
-2297,
-164,
2006,
3975,
5521,
6468,
6723,
6269,
5157,
3496,
1459,
-730,
-2828,
-4617,
-5924,
-6616,
-6616,
-5913,
-4585,
-2785,
-707,
1442,
3452,
5112,
6232,
6687,
6436,
5514,
4014,
2079,
-96,
-2271,
-4196,
-5660,
-6519,
-6697,
-6174,
-4994,
-3280,
-1226,
938,
2988,
4727,
5981,
6615,
6549,
5788,
4425,
2607,
516,
-1640,
-3633,
-5242,
-6286,
-6660,
-6333,
-5335,
-3762,
-1774,
409,
2544,
4404,
5803,
6597,
6699,
6089,
4835,
3082,
1021,
-1144,
-3199,
-4934,
-6156,
-6725,
-6583,
-5749,
-4311,
-2408,
-235,
1973,
3962,
5515,
6472,
6746,
6310,
5210,
3558,
1541,
-623,
-2710,
-4513,
-5850,
-6578,
-6614,
-5958,
-4683,
-2922,
-850,
1323,
3370,
5063,
6219,
6723,
6519,
5623,
4116,
2159,
-29,
-2202,
-4130,
-5621,
-6522,
-6736,
-6233,
-5073,
-3393,
-1373,
786,
2868,
4659,
5961,
6630,
6603,
5888,
4563,
2756,
647,
-1529,
-3539,
-5165,
-6243,
-6663,
-6374,
-5396,
-3835,
-1869,
290,
2419,
4300,
5735,
6562,
6695,
6126,
4927,
3220,
1174,
-1006,
-3083,
-4828,
-6060,
-6660,
-6578,
-5812,
-4426,
-2563,
-429,
1734,
3707,
5293,
6327,
6689,
6328,
5281,
3677,
1691,
-472,
-2593,
-4449,
-5835,
-6597,
-6668,
-6052,
-4812,
-3066,
-987,
1203,
3263,
4977,
6170,
6718,
6552,
5675,
4183,
2249,
89,
-2075,
-4025,
-5556,
-6496,
-6739,
-6270,
-5156,
-3513,
-1503,
674,
2786,
4597,
5909,
6604,
6618,
5948,
4649,
2848,
747,
-1423,
-3433,
-5082,
-6197,
-6653,
-6388,
-5433,
-3905,
-1978,
149,
2259,
4128,
5556,
6390,
6554,
6038,
4898,
3243,
1242,
-889,
-2919,
-4639,
-5876,
-6510,
-6466,
-5738,
-4399,
-2598,
-528,
1598,
3567,
5170,
6221,
6598,
6258,
5255,
3705,
1761,
-374,
-2471,
-4298,
-5659,
-6425,
-6528,
-5957,
-4763,
-3066,
-1048,
1076,
3082,
4766,
5948,
6501,
6354,
5528,
4114,
2266,
175,
-1943,
-3860,
-5368,
-6305,
-6585,
-6186,
-5143,
-3557,
-1592,
536,
2599,
4388,
5723,
6470,
6538,
5907,
4646,
2894,
844,
-1295,
-3306,
-4969,
-6097,
-6563,
-6324,
-5421,
-3951,
-2064,
48,
2155,
4028,
5470,
6339,
6551,
6083,
4973,
3338,
1358,
-751,
-2780,
-4528,
-5812,
-6484,
-6468,
-5774,
-4476,
-2708,
-641,
1510,
3508,
5125,
6184,
6584,
6293,
5339,
3812,
1873,
-256,
-2341,
-4168,
-5565,
-6394,
-6562,
-6034,
-4866,
-3194,
-1198,
923,
2956,
4684,
5913,
6502,
6394,
5613,
4240,
2413,
319,
-1812,
-3745,
-5277,
-6254,
-6583,
-6223,
-5200,
-3624,
-1670,
445,
2509,
4320,
5687,
6458,
6539,
5933,
4711,
3007,
985,
-1154,
-3179,
-4859,
-6009,
-6519,
-6346,
-5507,
-4078,
-2203,
-91,
2022,
3909,
5389,
6311,
6579,
6151,
5072,
3465,
1508,
-607,
-2667,
-4460,
-5787,
-6500,
-6522,
-5857,
-4573,
-2795,
-708,
1456,
3456,
5074,
6150,
6579,
6313,
5373,
3865,
1957,
-142,
-2219,
-4072,
-5509,
-6374,
-6566,
-6068,
-4941,
-3307,
-1324,
812,
2873,
4634,
5895,
6530,
6476,
5735,
4379,
2546,
446,
-1691,
-3636,
-5192,
-6204,
-6561,
-6227,
-5239,
-3709,
-1798,
301,
2376,
4207,
5596,
6395,
6527,
5985,
4819,
3141,
1124,
-1015,
-3039,
-4739,
-5945,
-6531,
-6421,
-5614,
-4199,
-2337,
-237,
1885,
3813,
5342,
6300,
6585,
6178,
5131,
3559,
1610,
-518,
-2600,
-4412,
-5756,
-6497,
-6555,
-5916,
-4638,
-2857,
-779,
1369,
3357,
4987,
6090,
6545,
6303,
5404,
3952,
2099,
24,
-2069,
-3955,
-5424,
-6320,
-6560,
-6127,
-5055,
-3443,
-1450,
701,
2769,
4536,
5828,
6510,
6498,
5779,
4433,
2621,
548,
-1575,
-3535,
-5128,
-6179,
-6573,
-6275,
-5332,
-3839,
-1944,
166,
2265,
4124,
5544,
6384,
6564,
6058,
4907,
3228,
1211,
-918,
-2944,
-4664,
-5897,
-6498,
-6396,
-5605,
-4227,
-2413,
-344,
1775,
3717,
5264,
6248,
6575,
6221,
5226,
3678,
1730,
-406,
-2491,
-4307,
-5675,
-6461,
-6576,
-5992,
-4769,
-3039,
-993,
1157,
3191,
4894,
6074,
6597,
6410,
5546,
4101,
2227,
116,
-2006,
-3908,
-5395,
-6320,
-6594,
-6183,
-5119,
-3510,
-1532,
599,
2662,
4447,
5768,
6473,
6478,
5785,
4483,
2713,
657,
-1479,
-3467,
-5085,
-6160,
-6585,
-6327,
-5413,
-3932,
-2035,
75,
2171,
4037,
5487,
6374,
6598,
6127,
5006,
3354,
1348,
-804,
-2877,
-4639,
-5892,
-6497,
-6402,
-5632,
-4275,
-2471,
-410,
1679,
3576,
5088,
6074,
6438,
6133,
5179,
3678,
1793,
-271,
-2309,
-4118,
-5511,
-6327,
-6469,
-5926,
-4762,
-3097,
-1098,
1031,
3055,
4746,
5919,
6456,
6313,
5506,
4116,
2292,
236,
-1828,
-3695,
-5180,
-6132,
-6444,
-6074,
-5064,
-3528,
-1624,
457,
2506,
4292,
5613,
6322,
6357,
5725,
4491,
2775,
753,
-1351,
-3301,
-4893,
-5980,
-6457,
-6266,
-5411,
-3979,
-2132,
-75,
1987,
3851,
5324,
6239,
6489,
6048,
4977,
3392,
1448,
-655,
-2691,
-4432,
-5688,
-6334,
-6314,
-5626,
-4337,
-2580,
-554,
1518,
3423,
4972,
6011,
6421,
6149,
5227,
3765,
1918,
-133,
-2187,
-4026,
-5445,
-6280,
-6448,
-5939,
-4809,
-3160,
-1162,
960,
2970,
4647,
5827,
6395,
6297,
5533,
4182,
2396,
367,
-1695,
-3586,
-5111,
-6105,
-6452,
-6119,
-5146,
-3634,
-1736,
356,
2414,
4211,
5553,
6305,
6393,
5805,
4593,
2890,
885,
-1200,
-3149,
-4768,
-5894,
-6402,
-6230,
-5400,
-4010,
-2207,
-170,
1899,
3778,
5261,
6187,
6464,
6071,
5047,
3491,
1564,
-530,
-2563,
-4318,
-5615,
-6320,
-6352,
-5700,
-4434,
-2698,
-682,
1401,
3340,
4925,
5986,
6415,
6172,
5295,
3871,
2033,
-29,
-2096,
-3942,
-5369,
-6236,
-6449,
-5976,
-4854,
-3205,
-1218,
882,
2876,
4567,
5780,
6382,
6303,
5562,
4247,
2502,
495,
-1574,
-3490,
-5038,
-6055,
-6439,
-6157,
-5231,
-3746,
-1856,
235,
2295,
4110,
5496,
6303,
6435,
5870,
4672,
2983,
988,
-1110,
-3098,
-4764,
-5923,
-6447,
-6299,
-5507,
-4151,
-2358,
-307,
1779,
3667,
5160,
6119,
6447,
6107,
5113,
3570,
1648,
-437,
-2470,
-4250,
-5588,
-6332,
-6390,
-5758,
-4518,
-2811,
-807,
1289,
3253,
4870,
5968,
6441,
6251,
5413,
4004,
2163,
92,
-1986,
-3850,
-5312,
-6217,
-6457,
-5997,
-4890,
-3276,
-1336,
731,
2718,
4417,
5641,
6260,
6219,
5537,
4290,
2593,
614,
-1436,
-3332,
-4866,
-5890,
-6303,
-6060,
-5173,
-3731,
-1896,
133,
2142,
3931,
5311,
6128,
6288,
5774,
4652,
3042,
1110,
-945,
-2907,
-4560,
-5729,
-6297,
-6209,
-5473,
-4160,
-2406,
-403,
1627,
3479,
4972,
5956,
6319,
6012,
5065,
3585,
1729,
-318,
-2346,
-4137,
-5485,
-6237,
-6317,
-5732,
-4547,
-2884,
-913,
1151,
3085,
4689,
5801,
6312,
6168,
5374,
4013,
2237,
230,
-1803,
-3653,
-5125,
-6058,
-6345,
-5962,
-4952,
-3418,
-1511,
569,
2591,
4323,
5586,
6254,
6265,
5618,
4373,
2668,
692,
-1337,
-3218,
-4766,
-5827,
-6281,
-6069,
-5215,
-3819,
-2028,
-20,
2002,
3819,
5228,
6070,
6263,
5796,
4716,
3129,
1198,
-860,
-2820,
-4474,
-5662,
-6261,
-6204,
-5491,
-4202,
-2484,
-521,
1499,
3377,
4916,
5941,
6335,
6059,
5149,
3693,
1829,
-249,
-2309,
-4107,
-5448,
-6204,
-6308,
-5751,
-4585,
-2935,
-985,
1046,
2954,
4558,
5696,
6244,
6135,
5375,
4058,
2323,
341,
-1690,
-3559,
-5059,
-6022,
-6348,
-6008,
-5033,
-3516,
-1608,
471,
2491,
4235,
5528,
6241,
6294,
5673,
4449,
2764,
803,
-1238,
-3158,
-4759,
-5859,
-6336,
-6140,
-5312,
-3933,
-2141,
-113,
1931,
3762,
5180,
6046,
6277,
5848,
4793,
3224,
1314,
-728,
-2684,
-4359,
-5585,
-6229,
-6215,
-5546,
-4297,
-2601,
-631,
1415,
3319,
4875,
5914,
6334,
6096,
5222,
3793,
1960,
-77,
-2098,
-3890,
-5276,
-6112,
-6300,
-5808,
-4693,
-3083,
-1156,
889,
2845,
4505,
5688,
6263,
6180,
5455,
4163,
2432,
436,
-1616,
-3497,
-5007,
-5989,
-6340,
-6017,
-5045,
-3530,
-1640,
414,
2419,
4169,
5480,
6210,
6282,
5697,
4526,
2889,
946,
-1105,
-3043,
-4656,
-5776,
-6297,
-6169,
-5401,
-4055,
-2272,
-247,
1792,
3639,
5105,
6036,
6320,
5916,
4874,
3324,
1439,
-585,
-2545,
-4235,
-5466,
-6114,
-6118,
-5493,
-4300,
-2655,
-723,
1288,
3158,
4696,
5751,
6213,
6029,
5204,
3826,
2051,
66,
-1926,
-3725,
-5137,
-5995,
-6200,
-5740,
-4674,
-3121,
-1238,
785,
2725,
4365,
5531,
6118,
6077,
5409,
4171,
2484,
535,
-1461,
-3296,
-4787,
-5782,
-6166,
-5882,
-4964,
-3519,
-1711,
275,
2240,
3976,
5291,
6042,
6157,
5635,
4529,
2947,
1050,
-958,
-2859,
-4452,
-5582,
-6137,
-6053,
-5325,
-4029,
-2308,
-352,
1641,
3467,
4937,
5876,
6176,
5812,
4833,
3351,
1512,
-496,
-2460,
-4160,
-5414,
-6098,
-6151,
-5567,
-4400,
-2767,
-846,
1152,
3020,
4570,
5651,
6144,
5990,
5203,
3867,
2124,
150,
-1854,
-3672,
-5097,
-5975,
-6213,
-5797,
-4768,
-3231,
-1349,
671,
2608,
4263,
5472,
6117,
6122,
5477,
4251,
2581,
649,
-1347,
-3208,
-4735,
-5757,
-6159,
-5903,
-5027,
-3624,
-1835,
157,
2139,
3894,
5232,
6020,
6183,
5697,
4609,
3032,
1141,
-859,
-2763,
-4380,
-5541,
-6118,
-6048,
-5344,
-4090,
-2411,
-475,
1522,
3364,
4844,
5805,
6151,
5853,
4934,
3478,
1637,
-382,
-2350,
-4066,
-5359,
-6097,
-6195,
-5631,
-4471,
-2852,
-948,
1053,
2956,
4561,
5691,
6218,
6087,
5319,
3990,
2229,
215,
-1826,
-3663,
-5096,
-5984,
-6242,
-5841,
-4818,
-3286,
-1420,
576,
2504,
4174,
5416,
6089,
6116,
5501,
4322,
2699,
787,
-1224,
-3120,
-4687,
-5751,
-6209,
-6020,
-5194,
-3806,
-1996,
30,
2040,
3820,
5192,
6023,
6223,
5763,
4693,
3138,
1268,
-725,
-2647,
-4302,
-5508,
-6130,
-6104,
-5444,
-4221,
-2552,
-603,
1412,
3271,
4774,
5772,
6162,
5897,
4994,
3548,
1726,
-271,
-2239,
-3975,
-5301,
-6069,
-6191,
-5663,
-4553,
-2979,
-1095,
917,
2845,
4476,
5630,
6188,
6096,
5358,
4044,
2288,
286,
-1736,
-3558,
-4997,
-5910,
-6202,
-5838,
-4859,
-3377,
-1548,
441,
2392,
4098,
5376,
6089,
6165,
5602,
4456,
2837,
912,
-1111,
-3016,
-4600,
-5703,
-6210,
-6058,
-5249,
-3871,
-2083,
-85,
1918,
3721,
5136,
6005,
6232,
5803,
4773,
3251,
1387,
-626,
-2576,
-4250,
-5471,
-6116,
-6126,
-5495,
-4287,
-2626,
-690,
1310,
3169,
4695,
5729,
6155,
5915,
5042,
3638,
1851,
-134,
-2118,
-3882,
-5228,
-6017,
-6174,
-5695,
-4621,
-3058,
-1167,
844,
2754,
4368,
5531,
6129,
6091,
5407,
4146,
2449,
501,
-1502,
-3358,
-4870,
-5861,
-6215,
-5898,
-4957,
-3496,
-1662,
352,
2329,
4048,
5333,
6057,
6159,
5622,
4493,
2888,
982,
-1015,
-2902,
-4489,
-5611,
-6134,
-5991,
-5205,
-3870,
-2134,
-169,
1829,
3642,
5065,
5945,
6202,
5821,
4841,
3353,
1503,
-505,
-2452,
-4134,
-5387,
-6090,
-6161,
-5573,
-4386,
-2729,
-789,
1232,
3126,
4687,
5739,
6160,
5917,
5050,
3663,
1900,
-59,
-2003,
-3725,
-5047,
-5845,
-6041,
-5612,
-4593,
-3086,
-1260,
691,
2565,
4180,
5366,
5992,
5980,
5334,
4130,
2495,
591,
-1391,
-3236,
-4735,
-5716,
-6083,
-5808,
-4922,
-3513,
-1731,
233,
2161,
3854,
5143,
5902,
6048,
5562,
4491,
2952,
1106,
-855,
-2732,
-4324,
-5452,
-5997,
-5900,
-5181,
-3913,
-2227,
-295,
1670,
3454,
4866,
5772,
6076,
5744,
4802,
3348,
1547,
-408,
-2315,
-3987,
-5249,
-5961,
-6040,
-5481,
-4354,
-2777,
-908,
1067,
2934,
4484,
5550,
6024,
5865,
5085,
3761,
2029,
84,
-1863,
-3610,
-4981,
-5834,
-6074,
-5672,
-4676,
-3197,
-1394,
560,
2467,
4123,
5343,
5993,
6013,
5403,
4223,
2581,
652,
-1346,
-3190,
-4680,
-5670,
-6069,
-5826,
-4961,
-3568,
-1807,
128,
2043,
3753,
5083,
5886,
6064,
5604,
4565,
3054,
1219,
-756,
-2659,
-4274,
-5426,
-6001,
-5944,
-5257,
-4004,
-2318,
-388,
1570,
3353,
4787,
5725,
6061,
5751,
4836,
3421,
1661,
-275,
-2193,
-3891,
-5176,
-5908,
-6021,
-5516,
-4443,
-2899,
-1038,
939,
2810,
4377,
5484,
6019,
5920,
5182,
3877,
2156,
215,
-1741,
-3517,
-4925,
-5812,
-6078,
-5703,
-4737,
-3284,
-1487,
475,
2397,
4070,
5313,
5997,
6051,
5463,
4287,
2643,
721,
-1264,
-3099,
-4601,
-5620,
-6045,
-5826,
-4993,
-3647,
-1932,
-18,
1908,
3647,
5008,
5841,
6062,
5655,
4660,
3172,
1338,
-645,
-2557,
-4193,
-5385,
-6007,
-5990,
-5327,
-4090,
-2421,
-505,
1459,
3267,
4733,
5698,
6060,
5790,
4922,
3544,
1793,
-154,
-2089,
-3802,
-5112,
-5890,
-6058,
-5592,
-4530,
-2982,
-1122,
844,
2716,
4305,
5442,
5998,
5905,
5177,
3905,
2227,
314,
-1640,
-3427,
-4851,
-5761,
-6070,
-5751,
-4836,
-3405,
-1605,
372,
2309,
4002,
5276,
5992,
6064,
5477,
4302,
2682,
793,
-1166,
-2995,
-4501,
-5520,
-5948,
-5758,
-4979,
-3691,
-2014,
-113,
1803,
3523,
4867,
5708,
5962,
5595,
4632,
3171,
1381,
-543,
-2403,
-4015,
-5211,
-5849,
-5855,
-5230,
-4052,
-2454,
-596,
1335,
3133,
4597,
5567,
5953,
5722,
4899,
3560,
1839,
-72,
-1967,
-3651,
-4962,
-5767,
-5969,
-5536,
-4516,
-3022,
-1219,
714,
2584,
4187,
5335,
5900,
5826,
5142,
3921,
2284,
396,
-1535,
-3293,
-4692,
-5600,
-5932,
-5652,
-4776,
-3391,
-1650,
257,
2132,
3794,
5071,
5821,
5958,
5461,
4389,
2854,
1013,
-947,
-2810,
-4369,
-5453,
-5951,
-5819,
-5076,
-3796,
-2115,
-218,
1686,
3405,
4773,
5652,
5942,
5604,
4673,
3251,
1493,
-424,
-2307,
-3952,
-5174,
-5833,
-5865,
-5275,
-4134,
-2553,
-694,
1242,
3042,
4517,
5518,
5949,
5764,
4977,
3663,
1969,
73,
-1829,
-3548,
-4904,
-5749,
-5986,
-5588,
-4600,
-3124,
-1307,
659,
2552,
4162,
5314,
5897,
5859,
5201,
3993,
2365,
498,
-1405,
-3153,
-4576,
-5532,
-5912,
-5665,
-4822,
-3478,
-1774,
120,
2016,
3712,
5019,
5790,
5948,
5481,
4433,
2908,
1068,
-886,
-2735,
-4283,
-5374,
-5902,
-5806,
-5094,
-3846,
-2203,
-339,
1562,
3308,
4717,
5630,
5942,
5631,
4736,
3349,
1601,
-329,
-2230,
-3882,
-5113,
-5804,
-5888,
-5350,
-4235,
-2663,
-813,
1107,
2899,
4390,
5429,
5898,
5742,
4978,
3697,
2037,
160,
-1746,
-3479,
-4848,
-5700,
-5956,
-5596,
-4656,
-3222,
-1443,
492,
2364,
3978,
5174,
5828,
5861,
5259,
4086,
2483,
626,
-1289,
-3075,
-4542,
-5526,
-5918,
-5688,
-4873,
-3561,
-1874,
24,
1933,
3638,
4951,
5744,
5935,
5501,
4472,
2955,
1123,
-815,
-2654,
-4207,
-5320,
-5875,
-5807,
-5126,
-3916,
-2304,
-455,
1450,
3209,
4637,
5575,
5933,
5676,
4825,
3459,
1717,
-212,
-2116,
-3795,
-5072,
-5815,
-5931,
-5403,
-4292,
-2732,
-900,
1010,
2808,
4308,
5350,
5821,
5683,
4962,
3735,
2120,
279,
-1599,
-3305,
-4658,
-5525,
-5819,
-5504,
-4606,
-3217,
-1487,
395,
2233,
3840,
5041,
5707,
5757,
5191,
4076,
2536,
725,
-1168,
-2936,
-4391,
-5378,
-5806,
-5637,
-4882,
-3611,
-1950,
-82,
1787,
3465,
4783,
5604,
5826,
5417,
4425,
2969,
1207,
-678,
-2497,
-4057,
-5184,
-5759,
-5728,
-5105,
-3954,
-2386,
-561,
1326,
3067,
4479,
5424,
5805,
5578,
4756,
3427,
1741,
-121,
-1970,
-3621,
-4894,
-5642,
-5781,
-5306,
-4275,
-2800,
-1025,
871,
2680,
4200,
5268,
5784,
5707,
5035,
3830,
2213,
369,
-1499,
-3199,
-4569,
-5476,
-5811,
-5530,
-4659,
-3298,
-1592,
290,
2156,
3804,
5044,
5735,
5812,
5276,
4187,
2655,
840,
-1058,
-2836,
-4307,
-5332,
-5810,
-5684,
-4957,
-3701,
-2056,
-203,
1670,
3374,
4728,
5576,
5817,
5434,
4479,
3058,
1311,
-584,
-2424,
-3998,
-5141,
-5739,
-5743,
-5152,
-4020,
-2461,
-646,
1226,
2961,
4385,
5359,
5776,
5582,
4798,
3513,
1863,
16,
-1841,
-3508,
-4803,
-5581,
-5762,
-5333,
-4341,
-2880,
-1106,
787,
2591,
4115,
5208,
5760,
5710,
5057,
3873,
2290,
478,
-1380,
-3107,
-4521,
-5467,
-5834,
-5581,
-4740,
-3395,
-1678,
231,
2121,
3777,
5016,
5713,
5805,
5286,
4210,
2696,
909,
-961,
-2722,
-4200,
-5245,
-5742,
-5637,
-4940,
-3733,
-2139,
-312,
1560,
3277,
4648,
5531,
5834,
5528,
4633,
3235,
1479,
-434,
-2290,
-3893,
-5083,
-5740,
-5789,
-5219,
-4095,
-2547,
-743,
1135,
2904,
4377,
5390,
5830,
5655,
4893,
3624,
1971,
102,
-1777,
-3458,
-4765,
-5566,
-5782,
-5385,
-4410,
-2961,
-1204,
670,
2470,
4014,
5144,
5730,
5711,
5090,
3948,
2400,
594,
-1293,
-3057,
-4500,
-5459,
-5843,
-5617,
-4797,
-3454,
-1728,
180,
2055,
3695,
4942,
5676,
5815,
5337,
4296,
2813,
1050,
-817,
-2605,
-4131,
-5222,
-5759,
-5687,
-5025,
-3841,
-2247,
-404,
1487,
3219,
4607,
5510,
5835,
5541,
4647,
3248,
1507,
-385,
-2224,
-3833,
-5044,
-5721,
-5787,
-5242,
-4159,
-2652,
-870,
1015,
2802,
4292,
5323,
5796,
5671,
4959,
3724,
2087,
228,
-1651,
-3346,
-4689,
-5543,
-5810,
-5453,
-4507,
-3082,
-1337,
546,
2375,
3958,
5119,
5736,
5750,
5163,
4042,
2495,
680,
-1208,
-2966,
-4409,
-5398,
-5832,
-5659,
-4888,
-3597,
-1929,
-64,
1807,
3496,
4821,
5630,
5826,
5394,
4391,
2929,
1159,
-738,
-2557,
-4096,
-5198,
-5750,
-5708,
-5074,
-3907,
-2328,
-502,
1370,
3098,
4501,
5432,
5785,
5515,
4655,
3304,
1608,
-260,
-2108,
-3735,
-4964,
-5665,
-5775,
-5287,
-4249,
-2763,
-982,
899,
2675,
4168,
5231,
5759,
5689,
5012,
3797,
2177,
328,
-1560,
-3291,
-4677,
-5551,
-5815,
-5448,
-4507,
-3103,
-1382,
480,
2283,
3834,
4973,
5593,
5643,
5109,
4037,
2539,
780,
-1051,
-2767,
-4200,
-5199,
-5652,
-5503,
-4773,
-3546,
-1949,
-138,
1704,
3377,
4686,
5486,
5701,
5317,
4377,
2969,
1239,
-619,
-2398,
-3913,
-5021,
-5612,
-5619,
-5030,
-3905,
-2370,
-597,
1236,
2943,
4345,
5286,
5655,
5423,
4618,
3331,
1689,
-142,
-1962,
-3574,
-4804,
-5529,
-5679,
-5235,
-4237,
-2787,
-1047,
791,
2537,
4021,
5089,
5623,
5561,
4910,
3751,
2209,
437,
-1395,
-3089,
-4455,
-5338,
-5650,
-5369,
-4525,
-3192,
-1506,
349,
2163,
3740,
4922,
5594,
5682,
5168,
4108,
2621,
868,
-972,
-2714,
-4184,
-5220,
-5706,
-5590,
-4887,
-3665,
-2047,
-199,
1673,
3359,
4678,
5495,
5732,
5363,
4425,
3021,
1308,
-525,
-2295,
-3830,
-4974,
-5597,
-5628,
-5064,
-3975,
-2474,
-709,
1140,
2874,
4299,
5260,
5659,
5463,
4690,
3414,
1770,
-63,
-1886,
-3506,
-4762,
-5522,
-5704,
-5284,
-4309,
-2889,
-1174,
665,
2439,
3959,
5060,
5623,
5600,
4999,
3878,
2341,
550,
-1299,
-3001,
-4379,
-5296,
-5657,
-5416,
-4587,
-3260,
-1586,
247,
2052,
3647,
4867,
5574,
5687,
5204,
4185,
2741,
1008,
-842,
-2613,
-4109,
-5169,
-5685,
-5604,
-4927,
-3714,
-2095,
-259,
1592,
3265,
4590,
5435,
5702,
5362,
4457,
3096,
1422,
-401,
-2197,
-3769,
-4945,
-5593,
-5656,
-5138,
-4090,
-2608,
-839,
1025,
2774,
4224,
5232,
5697,
5561,
4821,
3557,
1913,
76,
-1761,
-3414,
-4711,
-5512,
-5724,
-5330,
-4383,
-2985,
-1277,
572,
2363,
3901,
5023,
5615,
5626,
5051,
3943,
2413,
633,
-1205,
-2909,
-4310,
-5262,
-5656,
-5438,
-4634,
-3337,
-1694,
127,
1943,
3561,
4801,
5526,
5670,
5226,
4246,
2820,
1087,
-771,
-2544,
-4042,
-5112,
-5644,
-5578,
-4912,
-3718,
-2135,
-342,
1472,
3122,
4439,
5285,
5569,
5270,
4424,
3120,
1488,
-306,
-2073,
-3619,
-4779,
-5441,
-5536,
-5055,
-4040,
-2597,
-883,
912,
2607,
4031,
5036,
5507,
5382,
4679,
3479,
1915,
148,
-1643,
-3268,
-4548,
-5342,
-5576,
-5231,
-4346,
-3006,
-1346,
454,
2202,
3717,
4847,
5473,
5527,
4992,
3927,
2449,
714,
-1098,
-2798,
-4204,
-5155,
-5547,
-5345,
-4585,
-3345,
-1748,
41,
1824,
3406,
4621,
5358,
5544,
5151,
4213,
2828,
1152,
-634,
-2349,
-3827,
-4915,
-5490,
-5483,
-4892,
-3788,
-2289,
-543,
1275,
2967,
4338,
5239,
5579,
5328,
4516,
3222,
1584,
-216,
-1980,
-3531,
-4716,
-5416,
-5551,
-5101,
-4113,
-2701,
-1013,
783,
2504,
3968,
5004,
5497,
5404,
4744,
3586,
2043,
270,
-1536,
-3172,
-4463,
-5286,
-5563,
-5261,
-4400,
-3068,
-1417,
372,
2115,
3644,
4804,
5466,
5548,
5039,
4001,
2542,
810,
-1023,
-2754,
-4185,
-5160,
-5581,
-5415,
-4679,
-3448,
-1849,
-62,
1718,
3311,
4560,
5341,
5565,
5203,
4290,
2932,
1276,
-513,
-2260,
-3780,
-4903,
-5502,
-5516,
-4951,
-3864,
-2363,
-599,
1233,
2927,
4295,
5202,
5559,
5333,
4542,
3270,
1658,
-119,
-1876,
-3443,
-4656,
-5388,
-5553,
-5138,
-4189,
-2801,
-1116,
694,
2434,
3912,
4971,
5501,
5451,
4820,
3671,
2126,
359,
-1436,
-3072,
-4387,
-5247,
-5556,
-5276,
-4437,
-3140,
-1523,
252,
2010,
3565,
4744,
5419,
5526,
5061,
4073,
2654,
949,
-860,
-2574,
-4014,
-5034,
-5524,
-5427,
-4744,
-3550,
-1977,
-200,
1599,
3229,
4520,
5327,
5566,
5221,
4340,
3012,
1365,
-438,
-2201,
-3731,
-4865,
-5490,
-5545,
-5009,
-3929,
-2421,
-659,
1156,
2836,
4214,
5150,
5540,
5340,
4578,
3347,
1778,
22,
-1746,
-3342,
-4591,
-5356,
-5560,
-5191,
-4277,
-2908,
-1221,
596,
2344,
3835,
4919,
5481,
5456,
4839,
3703,
2185,
456,
-1310,
-2934,
-4252,
-5114,
-5430,
-5180,
-4400,
-3172,
-1609,
135,
1872,
3409,
4580,
5273,
5422,
5008,
4059,
2673,
1005,
-760,
-2434,
-3853,
-4870,
-5370,
-5290,
-4639,
-3499,
-1995,
-280,
1467,
3067,
4344,
5162,
5439,
5153,
4331,
3051,
1439,
-332,
-2066,
-3581,
-4720,
-5365,
-5439,
-4921,
-3871,
-2412,
-706,
1066,
2730,
4108,
5048,
5449,
5277,
4561,
3375,
1838,
102,
-1651,
-3228,
-4461,
-5226,
-5451,
-5111,
-4231,
-2902,
-1265,
498,
2203,
3676,
4765,
5347,
5352,
4783,
3711,
2247,
544,
-1224,
-2866,
-4200,
-5087,
-5443,
-5235,
-4483,
-3257,
-1684,
64,
1796,
3338,
4538,
5274,
5460,
5067,
4135,
2769,
1118,
-653,
-2365,
-3830,
-4881,
-5399,
-5335,
-4707,
-3586,
-2083,
-359,
1402,
3006,
4290,
5128,
5435,
5178,
4373,
3104,
1510,
-241,
-1969,
-3497,
-4660,
-5323,
-5409,
-4919,
-3912,
-2499,
-819,
955,
2630,
4019,
4977,
5416,
5299,
4631,
3473,
1942,
209,
-1532,
-3107,
-4362,
-5171,
-5441,
-5132,
-4277,
-2974,
-1366,
388,
2109,
3615,
4733,
5335,
5366,
4830,
3786,
2338,
634,
-1138,
-2784,
-4131,
-5050,
-5448,
-5281,
-4555,
-3348,
-1797,
-66,
1671,
3245,
4492,
5267,
5480,
5109,
4202,
2854,
1197,
-600,
-2338,
-3815,
-4866,
-5393,
-5353,
-4755,
-3654,
-2165,
-454,
1289,
2886,
4184,
5055,
5405,
5184,
4414,
3183,
1624,
-108,
-1841,
-3393,
-4588,
-5295,
-5441,
-5013,
-4056,
-2664,
-980,
808,
2501,
3917,
4916,
5398,
5315,
4666,
3525,
2016,
308,
-1429,
-3025,
-4315,
-5154,
-5445,
-5157,
-4333,
-3059,
-1461,
302,
2037,
3553,
4683,
5314,
5386,
4889,
3869,
2435,
745,
-1014,
-2659,
-4022,
-4965,
-5387,
-5242,
-4549,
-3384,
-1869,
-154,
1591,
3179,
4437,
5228,
5470,
5136,
4255,
2912,
1249,
-546,
-2271,
-3746,
-4820,
-5388,
-5384,
-4806,
-3721,
-2255,
-564,
1181,
2807,
4144,
5045,
5412,
5210,
4470,
3265,
1716,
-25,
-1770,
-3329,
-4535,
-5263,
-5438,
-5034,
-4087,
-2698,
-1026,
744,
2428,
3853,
4873,
5375,
5306,
4682,
3579,
2111,
419,
-1329,
-2943,
-4246,
-5099,
-5423,
-5187,
-4411,
-3163,
-1566,
198,
1935,
3462,
4628,
5311,
5428,
4955,
3943,
2516,
831,
-936,
-2609,
-4014,
-4994,
-5442,
-5319,
-4648,
-3501,
-1988,
-260,
1499,
3092,
4356,
5166,
5442,
5150,
4308,
3005,
1387,
-371,
-2086,
-3589,
-4717,
-5341,
-5384,
-4850,
-3805,
-2367,
-679,
1089,
2748,
4110,
5031,
5424,
5262,
4558,
3375,
1824,
77,
-1676,
-3242,
-4470,
-5232,
-5442,
-5064,
-4139,
-2775,
-1127,
635,
2331,
3788,
4842,
5382,
5354,
4771,
3695,
2231,
525,
-1234,
-2858,
-4178,
-5062,
-5425,
-5221,
-4462,
-3222,
-1638,
119,
1866,
3420,
4615,
5309,
5425,
4955,
3967,
2575,
923,
-818,
-2468,
-3848,
-4815,
-5278,
-5199,
-4583,
-3488,
-2023,
-345,
1363,
2922,
4177,
5002,
5304,
5045,
4254,
3013,
1453,
-268,
-1971,
-3472,
-4601,
-5231,
-5304,
-4817,
-3825,
-2425,
-768,
966,
2585,
3929,
4865,
5305,
5192,
4528,
3380,
1880,
188,
-1524,
-3081,
-4317,
-5090,
-5313,
-4966,
-4095,
-2794,
-1196,
535,
2211,
3650,
4695,
5245,
5251,
4708,
3669,
2243,
587,
-1120,
-2704,
-4008,
-4900,
-5276,
-5094,
-4376,
-3206,
-1702,
-16,
1682,
3210,
4389,
5093,
5254,
4866,
3963,
2632,
1010,
-722,
-2368,
-3755,
-4749,
-5255,
-5213,
-4619,
-3535,
-2089,
-436,
1258,
2832,
4124,
4991,
5328,
5097,
4330,
3101,
1535,
-209,
-1936,
-3447,
-4579,
-5216,
-5303,
-4830,
-3848,
-2460,
-826,
877,
2481,
3832,
4792,
5253,
5157,
4517,
3407,
1945,
275,
-1435,
-3003,
-4248,
-5032,
-5281,
-4975,
-4150,
-2881,
-1294,
431,
2107,
3554,
4627,
5222,
5272,
4763,
3745,
2332,
682,
-1036,
-2652,
-3995,
-4919,
-5321,
-5163,
-4468,
-3307,
-1799,
-94,
1620,
3155,
4350,
5081,
5279,
4919,
4030,
2707,
1102,
-613,
-2255,
-3665,
-4697,
-5236,
-5219,
-4653,
-3606,
-2188,
-539,
1180,
2789,
4108,
4989,
5341,
5129,
4374,
3147,
1577,
-163,
-1875,
-3378,
-4519,
-5183,
-5304,
-4866,
-3919,
-2570,
-961,
748,
2383,
3773,
4764,
5252,
5189,
4588,
3506,
2050,
367,
-1359,
-2937,
-4202,
-5027,
-5326,
-5060,
-4244,
-2968,
-1377,
347,
2029,
3499,
4604,
5222,
5284,
4790,
3802,
2425,
795,
-927,
-2557,
-3917,
-4860,
-5296,
-5183,
-4531,
-3398,
-1901,
-206,
1506,
3055,
4286,
5068,
5309,
4976,
4109,
2809,
1219,
-499,
-2172,
-3616,
-4671,
-5226,
-5237,
-4711,
-3701,
-2296,
-635,
1102,
2723,
4052,
4958,
5343,
5155,
4405,
3177,
1619,
-88,
-1765,
-3246,
-4380,
-5050,
-5183,
-4776,
-3881,
-2592,
-1033,
644,
2260,
3636,
4624,
5128,
5097,
4536,
3493,
2077,
444,
-1227,
-2763,
-4012,
-4844,
-5161,
-4920,
-4149,
-2942,
-1430,
232,
1879,
3331,
4431,
5055,
5146,
4706,
3783,
2463,
877,
-803,
-2392,
-3722,
-4663,
-5127,
-5061,
-4460,
-3379,
-1938,
-294,
1383,
2921,
4155,
4947,
5201,
4893,
4068,
2814,
1265,
-421,
-2062,
-3480,
-4528,
-5102,
-5150,
-4662,
-3683,
-2315,
-710,
961,
2523,
3827,
4735,
5149,
5017,
4353,
3233,
1775,
124,
-1553,
-3075,
-4270,
-5004,
-5201,
-4848,
-3985,
-2700,
-1127,
561,
2183,
3569,
4580,
5115,
5114,
4577,
3553,
2159,
543,
-1129,
-2686,
-3961,
-4812,
-5147,
-4936,
-4207,
-3037,
-1539,
131,
1790,
3255,
4372,
5035,
5173,
4768,
3858,
2536,
957,
-712,
-2301,
-3655,
-4635,
-5129,
-5078,
-4490,
-3431,
-2012,
-376,
1318,
2878,
4130,
4933,
5208,
4933,
4140,
2903,
1354,
-334,
-1977,
-3409,
-4485,
-5098,
-5176,
-4704,
-3737,
-2387,
-795,
881,
2476,
3819,
4761,
5196,
5087,
4446,
3339,
1865,
181,
-1528,
-3064,
-4260,
-5000,
-5217,
-4884,
-4033,
-2754,
-1193,
479,
2090,
3485,
4527,
5097,
5128,
4617,
3624,
2255,
648,
-1036,
-2617,
-3917,
-4792,
-5157,
-4980,
-4277,
-3115,
-1614,
59,
1719,
3193,
4337,
5034,
5203,
4820,
3928,
2629,
1066,
-604,
-2219,
-3607,
-4615,
-5129,
-5103,
-4549,
-3526,
-2131,
-503,
1183,
2739,
3995,
4825,
5150,
4928,
4178,
2972,
1447,
-227,
-1873,
-3324,
-4430,
-5072,
-5179,
-4741,
-3815,
-2497,
-917,
766,
2378,
3740,
4708,
5180,
5107,
4490,
3386,
1913,
240,
-1449,
-2974,
-4182,
-4950,
-5194,
-4887,
-4066,
-2824,
-1296,
367,
2000,
3432,
4506,
5102,
5161,
4686,
3724,
2369,
757,
-936,
-2527,
-3845,
-4756,
-5165,
-5024,
-4343,
-3199,
-1721,
-74,
1571,
3047,
4198,
4899,
5080,
4730,
3893,
2655,
1136,
-508,
-2099,
-3463,
-4459,
-4987,
-5001,
-4492,
-3506,
-2145,
-563,
1068,
2582,
3829,
4678,
5029,
4835,
4120,
2969,
1510,
-110,
-1726,
-3165,
-4269,
-4914,
-5043,
-4650,
-3775,
-2504,
-960,
687,
2257,
3587,
4541,
5020,
4966,
4376,
3314,
1905,
302,
-1330,
-2826,
-4030,
-4804,
-5063,
-4789,
-4023,
-2841,
-1357,
280,
1891,
3297,
4346,
4940,
5025,
4592,
3674,
2360,
801,
-831,
-2370,
-3661,
-4575,
-5005,
-4894,
-4254,
-3164,
-1742,
-137,
1491,
2969,
4133,
4855,
5069,
4758,
3955,
2738,
1227,
-414,
-2003,
-3379,
-4405,
-4978,
-5029,
-4543,
-3571,
-2223,
-646,
997,
2542,
3822,
4690,
5047,
4862,
4165,
3034,
1585,
-36,
-1656,
-3095,
-4202,
-4868,
-5036,
-4683,
-3836,
-2582,
-1051,
586,
2157,
3500,
4477,
4979,
4945,
4381,
3353,
1976,
392,
-1239,
-2743,
-3958,
-4754,
-5052,
-4824,
-4093,
-2928,
-1448,
184,
1791,
3205,
4288,
4928,
5053,
4643,
3743,
2456,
918,
-714,
-2277,
-3608,
-4552,
-5003,
-4918,
-4315,
-3258,
-1853,
-243,
1395,
2882,
4060,
4811,
5060,
4779,
3993,
2786,
1289,
-336,
-1925,
-3319,
-4371,
-4966,
-5038,
-4579,
-3638,
-2314,
-734,
934,
2506,
3803,
4686,
5070,
4922,
4254,
3135,
1680,
57,
-1559,
-3005,
-4141,
-4854,
-5062,
-4732,
-3902,
-2669,
-1163,
464,
2053,
3436,
4457,
5002,
5018,
4506,
3517,
2148,
542,
-1123,
-2660,
-3904,
-4731,
-5061,
-4855,
-4129,
-2969,
-1505,
106,
1705,
3132,
4240,
4904,
5049,
4667,
3802,
2544,
1016,
-630,
-2217,
-3563,
-4519,
-4994,
-4948,
-4379,
-3340,
-1934,
-324,
1309,
2794,
3985,
4764,
5045,
4792,
4032,
2856,
1391,
-219,
-1816,
-3234,
-4317,
-4942,
-5044,
-4618,
-3700,
-2380,
-799,
873,
2446,
3750,
4657,
5073,
4956,
4312,
3210,
1776,
166,
-1455,
-2928,
-4099,
-4838,
-5061,
-4750,
-3947,
-2738,
-1242,
395,
2002,
3397,
4430,
4994,
5035,
4547,
3571,
2204,
601,
-1054,
-2585,
-3834,
-4678,
-5030,
-4851,
-4163,
-3045,
-1616,
-17,
1589,
3036,
4169,
4865,
5054,
4717,
3886,
2640,
1108,
-541,
-2127,
-3480,
-4465,
-4980,
-4964,
-4411,
-3383,
-1999,
-414,
1213,
2717,
3941,
4751,
5056,
4829,
4104,
2954,
1493,
-130,
-1744,
-3173,
-4265,
-4911,
-5046,
-4654,
-3769,
-2482,
-934,
705,
2266,
3590,
4535,
4994,
4916,
4311,
3253,
1857,
262,
-1369,
-2859,
-4042,
-4796,
-5053,
-4791,
-4032,
-2839,
-1338,
309,
1920,
3326,
4386,
4989,
5059,
4578,
3601,
2244,
661,
-989,
-2536,
-3819,
-4696,
-5070,
-4911,
-4245,
-3143,
-1710,
-94,
1535,
2998,
4145,
4862,
5078,
4763,
3943,
2701,
1176,
-468,
-2057,
-3434,
-4445,
-4975,
-4961,
-4413,
-3404,
-2050,
-487,
1127,
2618,
3821,
4615,
4926,
4736,
4058,
2953,
1531,
-55,
-1628,
-3025,
-4110,
-4778,
-4950,
-4597,
-3752,
-2512,
-1013,
592,
2141,
3469,
4424,
4898,
4840,
4271,
3254,
1893,
328,
-1270,
-2727,
-3890,
-4649,
-4930,
-4700,
-3973,
-2820,
-1371,
219,
1786,
3171,
4226,
4831,
4913,
4465,
3547,
2262,
740,
-866,
-2384,
-3648,
-4520,
-4916,
-4804,
-4196,
-3147,
-1762,
-191,
1392,
2824,
3960,
4689,
4928,
4649,
3877,
2699,
1239,
-353,
-1914,
-3276,
-4287,
-4835,
-4866,
-4381,
-3434,
-2120,
-576,
1031,
2522,
3743,
4579,
4941,
4792,
4134,
3041,
1634,
62,
-1515,
-2944,
-4074,
-4777,
-4973,
-4639,
-3816,
-2591,
-1084,
546,
2120,
3458,
4415,
4896,
4860,
4312,
3308,
1959,
413,
-1165,
-2616,
-3799,
-4591,
-4904,
-4701,
-4003,
-2888,
-1470,
110,
1687,
3090,
4158,
4775,
4886,
4485,
3614,
2353,
835,
-768,
-2281,
-3544,
-4441,
-4882,
-4814,
-4232,
-3200,
-1835,
-287,
1291,
2742,
3916,
4677,
4938,
4680,
3934,
2778,
1326,
-273,
-1848,
-3222,
-4246,
-4822,
-4889,
-4438,
-3511,
-2206,
-673,
922,
2410,
3648,
4507,
4891,
4755,
4122,
3064,
1693,
142,
-1442,
-2887,
-4030,
-4744,
-4957,
-4652,
-3856,
-2642,
-1134,
498,
2064,
3398,
4368,
4879,
4878,
4359,
3376,
2043,
508,
-1072,
-2542,
-3753,
-4573,
-4909,
-4726,
-4054,
-2963,
-1558,
20,
1604,
3018,
4110,
4771,
4933,
4568,
3711,
2450,
930,
-678,
-2204,
-3496,
-4422,
-4880,
-4819,
-4250,
-3244,
-1910,
-377,
1204,
2669,
3855,
4632,
4922,
4704,
3996,
2863,
1421,
-178,
-1758,
-3146,
-4203,
-4815,
-4916,
-4489,
-3576,
-2284,
-753,
853,
2369,
3636,
4517,
4923,
4818,
4218,
3184,
1814,
247,
-1353,
-2811,
-3970,
-4710,
-4953,
-4662,
-3864,
-2647,
-1157,
436,
1962,
3274,
4237,
4747,
4753,
4263,
3339,
2077,
597,
-954,
-2413,
-3619,
-4443,
-4802,
-4662,
-4036,
-2982,
-1608,
-65,
1481,
2868,
3956,
4629,
4808,
4469,
3652,
2451,
999,
-560,
-2063,
-3351,
-4280,
-4751,
-4727,
-4214,
-3266,
-1973,
-463,
1094,
2529,
3692,
4472,
4792,
4612,
3939,
2842,
1443,
-101,
-1637,
-3008,
-4068,
-4695,
-4813,
-4414,
-3551,
-2319,
-844,
724,
2219,
3474,
4356,
4782,
4715,
4157,
3160,
1826,
306,
-1237,
-2643,
-3779,
-4527,
-4802,
-4565,
-3845,
-2721,
-1314,
239,
1782,
3144,
4169,
4736,
4795,
4352,
3455,
2193,
695,
-875,
-2345,
-3557,
-4400,
-4793,
-4692,
-4096,
-3060,
-1701,
-168,
1379,
2784,
3901,
4603,
4805,
4494,
3704,
2529,
1084,
-482,
-2000,
-3302,
-4248,
-4746,
-4749,
-4259,
-3318,
-2030,
-533,
1008,
2440,
3621,
4431,
4782,
4625,
3977,
2908,
1535,
-9,
-1564,
-2961,
-4041,
-4676,
-4808,
-4433,
-3592,
-2373,
-901,
664,
2151,
3403,
4298,
4748,
4706,
4171,
3199,
1895,
397,
-1141,
-2568,
-3733,
-4511,
-4815,
-4610,
-3918,
-2807,
-1388,
191,
1751,
3116,
4139,
4717,
4798,
4371,
3483,
2229,
752,
-790,
-2242,
-3465,
-4335,
-4753,
-4668,
-4091,
-3086,
-1762,
-248,
1300,
2716,
3842,
4555,
4782,
4508,
3757,
2604,
1168,
-391,
-1905,
-3216,
-4191,
-4731,
-4771,
-4304,
-3383,
-2109,
-620,
937,
2403,
3620,
4453,
4812,
4665,
4039,
2993,
1628,
83,
-1469,
-2856,
-3932,
-4591,
-4773,
-4449,
-3647,
-2448,
-995,
553,
2039,
3312,
4246,
4736,
4721,
4211,
3264,
1983,
492,
-1065,
-2522,
-3715,
-4514,
-4832,
-4644,
-3962,
-2849,
-1427,
149,
1696,
3053,
4087,
4694,
4804,
4405,
3544,
2322,
867,
-674,
-2154,
-3415,
-4317,
-4758,
-4696,
-4148,
-3171,
-1853,
-330,
1234,
2660,
3796,
4528,
4786,
4536,
3801,
2656,
1233,
-304,
-1793,
-3087,
-4056,
-4599,
-4653,
-4219,
-3348,
-2135,
-701,
813,
2246,
3445,
4279,
4666,
4569,
3994,
2995,
1678,
183,
-1325,
-2691,
-3775,
-4466,
-4679,
-4388,
-3624,
-2476,
-1070,
443,
1913,
3186,
4119,
4612,
4619,
4150,
3254,
2015,
556,
-971,
-2396,
-3568,
-4365,
-4703,
-4540,
-3886,
-2810,
-1438,
79,
1581,
2914,
3938,
4545,
4673,
4313,
3510,
2344,
930,
-585,
-2043,
-3282,
-4171,
-4625,
-4599,
-4092,
-3151,
-1874,
-404,
1102,
2490,
3619,
4371,
4658,
4442,
3747,
2658,
1292,
-211,
-1696,
-3006,
-3997,
-4563,
-4650,
-4253,
-3416,
-2221,
-790,
725,
2157,
3360,
4212,
4633,
4570,
4023,
3046,
1747,
267,
-1247,
-2639,
-3757,
-4467,
-4689,
-4409,
-3665,
-2538,
-1140,
383,
1863,
3140,
4080,
4595,
4643,
4212,
3335,
2098,
642,
-875,
-2291,
-3467,
-4282,
-4640,
-4496,
-3867,
-2834,
-1506,
-22,
1474,
2820,
3869,
4509,
4675,
4359,
3589,
2438,
1023,
-500,
-1964,
-3217,
-4134,
-4623,
-4626,
-4136,
-3207,
-1943,
-486,
1020,
2423,
3577,
4348,
4649,
4453,
3792,
2737,
1389,
-116,
-1616,
-2942,
-3950,
-4541,
-4662,
-4300,
-3482,
-2291,
-863,
646,
2080,
3298,
4178,
4624,
4582,
4054,
3098,
1815,
336,
-1188,
-2594,
-3724,
-4450,
-4700,
-4454,
-3737,
-2622,
-1226,
298,
1783,
3075,
4047,
4600,
4674,
4249,
3378,
2155,
716,
-797,
-2234,
-3446,
-4299,
-4696,
-4597,
-4015,
-3009,
-1679,
-163,
1377,
2764,
3849,
4519,
4710,
4405,
3634,
2482,
1077,
-431,
-1888,
-3149,
-4086,
-4596,
-4622,
-4163,
-3270,
-2036,
-582,
938,
2362,
3531,
4319,
4650,
4493,
3860,
2812,
1456,
-53,
-1550,
-2880,
-3912,
-4540,
-4692,
-4345,
-3543,
-2375,
-968,
537,
1995,
3252,
4171,
4645,
4627,
4124,
3181,
1891,
391,
-1154,
-2569,
-3699,
-4432,
-4700,
-4468,
-3762,
-2661,
-1285,
215,
1691,
2996,
3994,
4572,
4667,
4274,
3443,
2257,
831,
-693,
-2150,
-3380,
-4247,
-4669,
-4604,
-4052,
-3058,
-1727,
-215,
1310,
2682,
3770,
4464,
4688,
4412,
3670,
2549,
1170,
-329,
-1802,
-3096,
-4066,
-4604,
-4659,
-4230,
-3363,
-2138,
-683,
845,
2278,
3466,
4287,
4661,
4540,
3931,
2896,
1555,
57,
-1446,
-2804,
-3873,
-4531,
-4704,
-4380,
-3602,
-2455,
-1050,
471,
1947,
3212,
4130,
4611,
4618,
4148,
3240,
1985,
521,
-991,
-2391,
-3541,
-4323,
-4645,
-4471,
-3812,
-2748,
-1394,
104,
1597,
2925,
3944,
4543,
4665,
4302,
3493,
2317,
892,
-633,
-2085,
-3316,
-4199,
-4643,
-4595,
-4050,
-3068,
-1764,
-280,
1230,
2612,
3725,
4443,
4688,
4437,
3724,
2626,
1250,
-262,
-1748,
-3047,
-4022,
-4574,
-4653,
-4248,
-3397,
-2186,
-745,
771,
2203,
3402,
4241,
4622,
4504,
3901,
2891,
1583,
115,
-1362,
-2689,
-3724,
-4364,
-4552,
-4274,
-3556,
-2463,
-1105,
366,
1796,
3036,
3962,
4480,
4528,
4092,
3219,
2005,
585,
-895,
-2288,
-3439,
-4221,
-4544,
-4378,
-3752,
-2735,
-1428,
35,
1491,
2784,
3781,
4384,
4536,
4217,
3452,
2319,
942,
-527,
-1940,
-3153,
-4036,
-4486,
-4449,
-3938,
-3014,
-1779,
-355,
1117,
2475,
3567,
4277,
4539,
4336,
3684,
2638,
1304,
-167,
-1613,
-2883,
-3854,
-4430,
-4546,
-4179,
-3369,
-2210,
-827,
642,
2046,
3243,
4093,
4502,
4426,
3886,
2936,
1671,
223,
-1255,
-2594,
-3655,
-4330,
-4555,
-4305,
-3598,
-2508,
-1158,
305,
1732,
2985,
3935,
4475,
4539,
4120,
3270,
2077,
661,
-838,
-2255,
-3427,
-4223,
-4563,
-4422,
-3822,
-2818,
-1513,
-53,
1404,
2707,
3726,
4365,
4552,
4261,
3518,
2405,
1042,
-430,
-1860,
-3099,
-4004,
-4478,
-4476,
-4000,
-3102,
-1873,
-441,
1039,
2403,
3509,
4247,
4542,
4361,
3718,
2679,
1361,
-91,
-1532,
-2818,
-3816,
-4417,
-4551,
-4204,
-3422,
-2288,
-912,
568,
1993,
3205,
4069,
4500,
4456,
3940,
3001,
1737,
292,
-1178,
-2518,
-3592,
-4290,
-4536,
-4305,
-3624,
-2571,
-1254,
198,
1638,
2914,
3883,
4442,
4536,
4154,
3331,
2143,
716,
-788,
-2200,
-3371,
-4187,
-4564,
-4462,
-3881,
-2889,
-1600,
-152,
1306,
2634,
3689,
4356,
4558,
4278,
3557,
2468,
1120,
-357,
-1801,
-3056,
-3987,
-4498,
-4538,
-4096,
-3212,
-1979,
-538,
949,
2325,
3454,
4216,
4531,
4363,
3741,
2736,
1453,
19,
-1430,
-2738,
-3758,
-4380,
-4544,
-4240,
-3496,
-2377,
-997,
491,
1917,
3131,
4014,
4476,
4464,
3969,
3046,
1799,
370,
-1092,
-2443,
-3540,
-4268,
-4542,
-4343,
-3696,
-2670,
-1360,
103,
1566,
2865,
3859,
4444,
4559,
4184,
3354,
2160,
744,
-730,
-2103,
-3242,
-4036,
-4400,
-4297,
-3748,
-2816,
-1604,
-226,
1186,
2485,
3528,
4197,
4426,
4196,
3530,
2487,
1172,
-273,
-1685,
-2915,
-3839,
-4361,
-4420,
-4002,
-3151,
-1965,
-577,
867,
2220,
3340,
4104,
4432,
4297,
3716,
2753,
1499,
83,
-1342,
-2624,
-3628,
-4256,
-4442,
-4166,
-3447,
-2362,
-1030,
404,
1792,
2993,
3882,
4357,
4360,
3896,
3019,
1826,
442,
-996,
-2333,
-3423,
-4146,
-4434,
-4261,
-3646,
-2648,
-1370,
52,
1464,
2720,
3697,
4292,
4440,
4120,
3364,
2256,
910,
-533,
-1926,
-3115,
-3968,
-4389,
-4341,
-3833,
-2922,
-1699,
-293,
1140,
2445,
3487,
4169,
4424,
4218,
3565,
2530,
1230,
-196,
-1601,
-2845,
-3792,
-4335,
-4409,
-4009,
-3186,
-2033,
-665,
776,
2139,
3272,
4057,
4414,
4315,
3768,
2822,
1577,
169,
-1246,
-2528,
-3553,
-4211,
-4429,
-4177,
-3482,
-2423,
-1111,
325,
1738,
2972,
3883,
4369,
4385,
3942,
3086,
1903,
512,
-932,
-2270,
-3360,
-4103,
-4427,
-4295,
-3710,
-2730,
-1466,
-54,
1359,
2638,
3651,
4284,
4462,
4162,
3424,
2324,
974,
-488,
-1900,
-3103,
-3963,
-4393,
-4361,
-3872,
-2973,
-1761,
-371,
1047,
2347,
3407,
4120,
4406,
4225,
3595,
2590,
1317,
-99,
-1512,
-2771,
-3734,
-4291,
-4388,
-4023,
-3238,
-2109,
-751,
688,
2049,
3185,
3987,
4378,
4314,
3795,
2873,
1649,
255,
-1163,
-2464,
-3511,
-4191,
-4429,
-4198,
-3529,
-2493,
-1191,
244,
1657,
2889,
3810,
4325,
4387,
3984,
3154,
1983,
606,
-825,
-2162,
-3273,
-4044,
-4391,
-4272,
-3703,
-2753,
-1521,
-125,
1295,
2591,
3616,
4260,
4454,
4179,
3459,
2367,
1015,
-446,
-1852,
-3052,
-3924,
-4381,
-4377,
-3906,
-3024,
-1834,
-460,
961,
2285,
3373,
4104,
4401,
4238,
3638,
2659,
1394,
-26,
-1445,
-2706,
-3675,
-4259,
-4397,
-4070,
-3302,
-2175,
-819,
612,
1973,
3129,
3961,
4376,
4324,
3819,
2918,
1721,
342,
-1080,
-2396,
-3459,
-4157,
-4420,
-4224,
-3589,
-2571,
-1274,
162,
1576,
2821,
3771,
4325,
4417,
4030,
3206,
2045,
675,
-763,
-2127,
-3268,
-4062,
-4421,
-4320,
-3778,
-2851,
-1626,
-218,
1218,
2525,
3558,
4218,
4436,
4184,
3478,
2391,
1050,
-394,
-1786,
-2988,
-3878,
-4359,
-4379,
-3935,
-3084,
-1918,
-552,
878,
2224,
3336,
4094,
4422,
4293,
3719,
2749,
1483,
60,
-1364,
-2641,
-3643,
-4266,
-4433,
-4121,
-3364,
-2256,
-916,
517,
1900,
3086,
3944,
4382,
4358,
3880,
3004,
1813,
427,
-1007,
-2332,
-3405,
-4121,
-4411,
-4243,
-3623,
-2617,
-1331,
95,
1511,
2773,
3746,
4319,
4430,
4065,
3270,
2133,
773,
-669,
-2038,
-3190,
-4003,
-4400,
-4343,
-3836,
-2922,
-1694,
-288,
1144,
2453,
3505,
4185,
4416,
4169,
3474,
2417,
1118,
-291,
-1665,
-2861,
-3748,
-4235,
-4277,
-3878,
-3080,
-1958,
-627,
773,
2087,
3180,
3943,
4299,
4204,
3664,
2736,
1521,
152,
-1236,
-2495,
-3494,
-4117,
-4296,
-4015,
-3313,
-2264,
-969,
434,
1792,
2954,
3796,
4240,
4248,
3811,
2971,
1815,
475,
-904,
-2180,
-3235,
-3962,
-4278,
-4138,
-3558,
-2603,
-1375,
6,
1397,
2649,
3614,
4185,
4305,
3970,
3218,
2125,
806,
-595,
-1924,
-3044,
-3846,
-4252,
-4215,
-3734,
-2859,
-1693,
-355,
1019,
2297,
3344,
4042,
4310,
4122,
3502,
2510,
1243,
-170,
-1569,
-2793,
-3705,
-4218,
-4287,
-3908,
-3116,
-1995,
-671,
711,
2007,
3098,
3873,
4248,
4176,
3661,
2762,
1576,
223,
-1160,
-2427,
-3436,
-4075,
-4278,
-4033,
-3362,
-2333,
-1047,
350,
1705,
2878,
3749,
4232,
4270,
3854,
3028,
1887,
555,
-835,
-2145,
-3237,
-3991,
-4318,
-4190,
-3620,
-2671,
-1434,
-38,
1365,
2618,
3580,
4158,
4297,
3986,
3255,
2181,
882,
-502,
-1828,
-2963,
-3792,
-4227,
-4219,
-3769,
-2926,
-1776,
-437,
957,
2257,
3322,
4036,
4323,
4156,
3546,
2551,
1276,
-132,
-1516,
-2731,
-3656,
-4197,
-4297,
-3944,
-3176,
-2080,
-778,
604,
1928,
3055,
3863,
4260,
4207,
3714,
2834,
1652,
291,
-1103,
-2378,
-3396,
-4054,
-4286,
-4062,
-3402,
-2376,
-1100,
287,
1643,
2831,
3722,
4220,
4271,
3876,
3079,
1966,
645,
-752,
-2071,
-3169,
-3930,
-4282,
-4194,
-3669,
-2754,
-1542,
-168,
1218,
2470,
3466,
4100,
4298,
4032,
3329,
2275,
985,
-405,
-1757,
-2927,
-3785,
-4238,
-4246,
-3817,
-2994,
-1855,
-511,
892,
2202,
3279,
4012,
4326,
4177,
3573,
2582,
1318,
-74,
-1452,
-2676,
-3622,
-4182,
-4297,
-3961,
-3220,
-2150,
-856,
537,
1879,
3018,
3832,
4246,
4222,
3760,
2900,
1729,
371,
-1019,
-2297,
-3333,
-4018,
-4273,
-4065,
-3418,
-2413,
-1165,
193,
1524,
2694,
3572,
4068,
4139,
3785,
3043,
1982,
708,
-642,
-1920,
-2993,
-3756,
-4134,
-4080,
-3592,
-2721,
-1560,
-236,
1114,
2354,
3349,
3986,
4187,
3937,
3269,
2260,
1015,
-341,
-1661,
-2803,
-3644,
-4103,
-4141,
-3752,
-2969,
-1870,
-573,
780,
2046,
3095,
3819,
4135,
4005,
3447,
2526,
1342,
17,
-1318,
-2516,
-3449,
-4017,
-4168,
-3888,
-3202,
-2175,
-913,
444,
1749,
2867,
3686,
4123,
4126,
3691,
2862,
1737,
437,
-909,
-2161,
-3190,
-3879,
-4148,
-3976,
-3386,
-2443,
-1237,
106,
1442,
2623,
3524,
4055,
4164,
3836,
3101,
2040,
768,
-575,
-1854,
-2944,
-3731,
-4125,
-4082,
-3609,
-2760,
-1620,
-302,
1061,
2317,
3321,
3964,
4184,
3967,
3331,
2338,
1091,
-267,
-1588,
-2736,
-3602,
-4099,
-4171,
-3797,
-3020,
-1926,
-634,
722,
2006,
3084,
3829,
4160,
4045,
3506,
2600,
1418,
79,
-1270,
-2481,
-3427,
-4015,
-4187,
-3923,
-3244,
-2220,
-966,
380,
1681,
2810,
3651,
4109,
4128,
3711,
2911,
1811,
520,
-835,
-2109,
-3153,
-3854,
-4146,
-4002,
-3439,
-2508,
-1300,
47,
1386,
2572,
3489,
4046,
4181,
3875,
3160,
2118,
863,
-480,
-1778,
-2897,
-3716,
-4141,
-4127,
-3678,
-2838,
-1689,
-350,
1026,
2290,
3300,
3954,
4192,
3987,
3359,
2376,
1146,
-195,
-1509,
-2671,
-3561,
-4080,
-4168,
-3817,
-3071,
-2010,
-739,
618,
1917,
3015,
3792,
4169,
4107,
3608,
2722,
1540,
192,
-1169,
-2396,
-3366,
-3981,
-4176,
-3929,
-3270,
-2274,
-1045,
296,
1610,
2762,
3622,
4102,
4154,
3775,
2999,
1906,
608,
-753,
-2029,
-3086,
-3822,
-4158,
-4052,
-3507,
-2584,
-1389,
-51,
1291,
2501,
3450,
4036,
4190,
3906,
3219,
2200,
948,
-412,
-1735,
-2872,
-3704,
-4143,
-4140,
-3694,
-2847,
-1696,
-373,
967,
2188,
3168,
3809,
4046,
3856,
3267,
2348,
1192,
-90,
-1374,
-2521,
-3402,
-3921,
-4031,
-3724,
-3029,
-2009,
-769,
551,
1807,
2866,
3629,
4013,
3975,
3504,
2654,
1524,
243,
-1059,
-2256,
-3219,
-3843,
-4055,
-3836,
-3221,
-2273,
-1086,
224,
1514,
2639,
3479,
3956,
4025,
3674,
2937,
1886,
640,
-665,
-1896,
-2932,
-3664,
-4006,
-3913,
-3400,
-2528,
-1394,
-110,
1195,
2379,
3309,
3883,
4050,
3801,
3162,
2190,
983,
-331,
-1604,
-2703,
-3521,
-3976,
-4019,
-3635,
-2859,
-1781,
-517,
798,
2033,
3055,
3748,
4036,
3892,
3335,
2429,
1269,
-29,
-1323,
-2473,
-3361,
-3897,
-4032,
-3751,
-3072,
-2065,
-839,
469,
1724,
2802,
3587,
3990,
3960,
3504,
2680,
1580,
312,
-994,
-2199,
-3173,
-3808,
-4038,
-3837,
-3232,
-2296,
-1144,
99,
1319,
2426,
3335,
3949,
4175,
3941,
3224,
2070,
604,
-956,
-2333,
-3265,
-3578,
-3271,
-2488,
-1478,
-509,
205,
549,
538,
295,
-6,
-216,
-273,
-199,
-61,
71,
150,
152,
92,
8,
-53,
-68,
-46,
-18,
-1,
1,
0,
-1,
1,
1,
0,
0,
0,
1,
0,
1,
0,
1,
0,
-1,
0,
-1,
-2,
0,
0,
0,
0,
-1,
-1,
0,
-1,
0,
0,
0,
0,
1,
1,
0,
0,
0,
0,
0,
0,
1,
0,
0,
0,
0,
0,
0,
1,
1,
2,
1,
1,
-1,
0,
1,
1,
0,
0,
-1,
0,
0,
0,
0,
0,
1,
0,
0,
0,
0,
-1,
-1,
0,
0,
0,
0,
-1,
0,
0,
0,
-1,
0,
0,
0,
0,
0,
0,
-1,
-1,
1,
0,
0,
0,
0,
0,
1,
0,
0,
0,
0,
0,
-1,
1,
0,
0,
1,
0,
0,
-1,
0,
0,
0,
0,
0,
0,
0,
0,
0,
0,
0,
0,
1,
-1,
-1,
0,
-1,
0,
0,
0,
0,
0,
0,
0,
0,
0,
0,
-1,
0,
-1,
1,
0,
-1,
-1,
0,
0,
0,
-1,
0,
-2,
0,
0,
0,
-1,
0,
1,
1,
0,
0,
-1,
0,
0,
-1,
-1,
0,
0,
0,
-1,
0,
1,
0,
0,
0,
0,
0,
0,
0,
1,
0,
0,
-1,
0,
0,
1,
0,
0,
0,
-1,
0,
1,
-1,
-1,
-1,
0,
0,
0,
0,
0,
0,
0,
0,
0,
1,
0,
0,
0,
1,
0,
1,
0,
0,
0,
-1,
1,
0,
0,
0,
0,
0,
0,
0,
1,
0,
0,
0,
0,
0,
0,
0,
0,
0,
0,
0,
1,
-1,
0,
-1,
-1,
0,
0,
-1,
-1,
0,
1,
1,
0,
0,
-1,
-1,
0,
0,
0,
0,
0,
1,
1,
0,
-1,
1,
0,
0,
0,
0,
-1,
-1,
0,
-1,
1,
1,
0,
0,
-1,
1,
0,
0,
0,
0,
0,
1,
-1,
0,
0,
1,
0,
0,
0,
0,
0,
1,
1,
1,
0,
1,
-1,
0,
0,
0,
1,
-1,
-1,
0,
0,
0,
0,
0,
0,
0,
0,
0,
1,
-1,
-1,
0,
1,
-1,
-1,
-1,
1,
1,
1,
1,
0,
1,
0,
0,
1,
1,
0,
0,
1,
1,
0,
0,
0,
0,
-1,
0,
0,
1,
0,
0,
0,
1,
0,
0,
0,
1,
0,
0,
1,
1,
-1,
0,
0,
0,
1,
1,
0,
0,
-1,
0,
1,
1,
0,
-1,
0,
0,
0,
0,
1,
1,
0,
0,
-1,
0,
0,
-1,
0,
1,
1,
0,
0,
0,
1,
0,
-1,
-1,
0,
0,
0,
0,
0,
0,
0,
0,
0,
0,
0,
1,
0,
1,
-1,
0,
-1,
0,
0,
0,
1,
-1,
0,
0,
-1,
0,
0,
0,
0,
0,
0,
0,
-1,
0,
0,
0,
0,
0,
0,
0,
0,
0,
0,
0,
1,
0,
0,
-1,
1,
0,
1,
0,
0,
1,
1,
0,
0,
0,
1,
0,
0,
0,
1,
1,
0,
0,
0,
0,
0,
0,
0,
0,
0,
0,
-1,
-1,
0,
0,
0,
0,
-1,
0,
0,
0,
1,
0,
0,
0,
1,
0,
-1,
0,
1,
1,
0,
0,
0,
0,
-1,
-1,
0,
1,
0,
0,
0,
0,
0,
0,
0,
0,
0,
0,
0,
0,
0,
0,
2,
0,
-2,
-1,
-1,
0,
1,
0,
-1,
0,
1,
1,
0,
0,
-1,
-1,
0,
0,
1,
0,
-1,
0,
-1,
0,
0,
-1,
-1,
0,
1,
1,
0,
0,
0,
0,
0,
1,
1,
1,
0,
0,
0,
0,
0,
0,
-1,
0,
0,
0,
0,
0,
-1,
0,
1,
0,
1,
0,
0,
0,
1,
0,
-1,
0,
0,
0,
0,
1,
-1,
-1,
0,
1,
1,
0,
0,
1,
0,
0,
1,
0,
1,
-1,
0,
0,
0,
-1,
-1,
0,
0,
-1,
1,
0,
-1,
0,
2,
1,
0,
0,
0,
0,
-1,
0,
1,
0,
0,
-1,
-1,
0,
1,
0,
1,
1,
0,
0,
-1,
0,
1,
0,
0,
0,
0,
-1,
-1,
0,
1,
0,
0,
1,
0,
0,
0,
1,
0,
1,
1,
1,
0,
0,
0,
0,
1,
0,
0,
0,
1,
1,
0,
1,
-1,
-1,
0,
1,
1,
0,
-1,
0,
0,
1,
-1,
-1,
-1,
0,
0,
-1,
0,
0,
0,
1,
0,
1,
0,
1,
1,
1,
0,
0,
0,
-1,
-1,
0,
0,
0,
0,
0,
2,
0,
-1,
0,
0,
-1,
0,
0,
0,
1,
0,
-1,
1,
1,
-1,
-1,
0,
0,
0,
0,
0,
-1,
0,
0,
-1,
0,
0,
0,
0,
1,
0,
0,
1,
2,
-1,
0,
0,
0,
0,
0,
0,
0,
0,
0,
0,
0,
-1,
0,
1,
0,
0,
-1,
0,
1,
1,
0,
0,
1,
0,
0,
-1,
0,
1,
1,
0,
0,
0,
1,
0,
0,
0,
0,
-1,
0,
0,
0,
0,
-1,
-1,
0,
0,
0,
1,
0,
-1,
-1,
0,
0,
1,
-1,
0,
0,
0,
-1,
0,
0,
1,
0,
-1,
-1,
-1,
1,
0,
0,
0,
0,
0,
1,
0,
0,
0,
0,
0,
-1,
0,
0,
0,
1,
1,
0,
-1,
0,
0,
0,
0,
0,
1,
0,
0,
0,
0,
-1,
0,
0,
-1,
-1,
0,
0,
0,
0,
-1,
0,
0,
-1,
0,
0,
0,
-1,
-1,
0,
0,
1,
0,
0,
-1,
-1,
0,
1,
-1,
0,
0,
-1,
1,
1,
1,
0,
1,
0,
0,
0,
0,
0,
0,
0,
1,
0,
0,
0,
0,
0,
0,
0,
1,
1,
-1,
0,
0,
1,
0,
0,
0,
-1,
0,
0,
-1,
-2,
-1,
1,
2,
0,
0,
0,
0,
1,
0,
0,
1,
0,
0,
0,
2,
1,
1,
-1,
0,
1,
0,
-1,
-1,
2,
2,
0,
-1,
-1,
1,
1,
0,
0,
0,
1,
0,
-1,
0,
1,
0,
0,
1,
0,
1,
0,
-1,
-1,
0,
1,
0,
1,
-1,
0,
-1,
0,
-1,
-1,
1,
0,
0,
0,
0,
1,
1,
-1,
0,
1,
1,
0,
0,
0,
0,
1,
0,
1,
0,
0,
0,
-1,
0,
0,
0,
-1,
0,
0,
1,
0,
-1,
-1,
0,
0,
0,
-1,
0,
0,
1,
0,
0,
0,
0,
0,
0,
0,
1,
0,
0,
1,
0,
0,
0,
0,
0,
0,
0,
0,
-1,
1,
-1,
0,
0,
1,
1,
-1,
0,
-1,
1,
-1,
0,
0,
0,
0,
0,
0,
1,
0,
-1,
1,
0,
0,
0,
-1,
1,
0,
0,
0,
0,
0,
0,
-1,
0,
0,
0,
0,
-1,
-1,
0,
0,
0,
0,
0,
0,
-1,
-1,
0,
-2,
-1,
0,
1,
1,
1,
1,
0,
1,
1,
0,
0,
0,
1,
0,
0,
0,
0,
0,
0,
0,
-1,
0,
-1,
0,
1,
0,
0,
0,
-1,
0,
1,
0,
-1,
-1,
0,
0,
0,
0,
1,
-1,
-1,
-1,
0,
0,
0,
1,
0,
-1,
0,
0,
-1,
-1,
-1,
-1,
1,
1,
1,
1,
-1,
-1,
0,
0,
0,
0,
0,
1,
0,
-1,
0,
0,
0,
0,
0,
1,
1,
0,
-1,
0,
0,
-1,
-1,
-1,
-1,
0,
0,
0,
0,
0,
0,
-1,
-1,
0,
-1,
-1,
-1,
0,
0,
0,
0,
0,
-1,
0,
0,
0,
0,
0,
0,
0,
0,
0,
0,
0,
0,
0,
0,
0,
0,
-1,
0,
0,
0,
-1,
1,
0,
1,
0,
0,
-1,
-1,
0,
1,
0,
-1,
-1,
-1,
0,
1,
0,
-1,
1,
0,
1,
1,
1,
1,
0,
-1,
-1,
0,
0,
0,
-1,
0,
0,
0,
0,
1,
1,
0,
0,
0,
0,
1,
0,
1,
1,
0,
1,
-1,
-1,
0,
1,
0,
-1,
0,
0,
0,
0,
0,
0,
0,
-1,
-1,
1,
0,
0,
-1,
0,
0,
-1,
-1,
0,
0,
-1,
-1,
-1,
1,
0,
0,
0,
1,
0,
0,
0,
0,
0,
0,
1,
1,
0,
0,
0,
0,
0,
1,
0,
-1,
0,
0,
0,
0,
1,
1,
0,
0,
-1,
0,
1,
1,
0,
-1,
-1,
0,
0,
-1,
0,
0,
0,
0,
0,
0,
0,
0,
1,
0,
0,
0,
0,
0,
0,
0,
0,
0,
0,
0,
0,
0,
0,
1,
1,
1,
0,
0,
-1,
0,
0,
0,
0,
0,
0,
-1,
0,
1,
0,
0,
0,
0,
0,
0,
0,
0,
0,
0,
0,
0,
0,
-1,
0,
0,
0,
0,
0,
0,
0,
0,
0,
0,
0,
1,
0,
1,
1,
0,
0,
-1,
0,
1,
-1,
1,
1,
0,
0,
0,
0,
0,
0,
1,
0,
1,
1,
0,
-1,
1,
1,
1,
0,
0,
0,
1,
1,
1,
1,
0,
0,
0,
0,
0,
0,
1,
0,
1,
1,
-1,
0,
-1,
-1,
0,
0,
0,
1,
0,
0,
0,
1,
1,
0,
0,
0,
0,
-1,
-1,
-1,
-1,
0,
1,
0,
1,
1,
-1,
-1,
0,
1,
0,
0,
0,
0,
1,
0,
1,
0,
-1,
-1,
0,
0,
-1,
0,
0,
1,
1,
0,
0,
0,
1,
0,
0,
1,
0,
0,
0,
0,
0,
0,
1,
0,
0,
1,
0,
0,