     0,
  1054,
  2967,
  6782,
 35650,
 77046,
-35650,
  6782,
 -2967,
  1054,
    82,
  1102,
  4209,
  4643,
 43507,
 76226,
-27885,
  8031,
 -1833,
   935,
   179,
  1045,
  5483,
  1533,
 51157,
 73795,
-20486,
  8504,
  -864,
   774,
   290,
   847,
  6683,
 -2577,
 58298,
 69868,
-13689,
  8338,
   -93,
   597,
   431,
   472,
  7682,
 -7675,
 64626,
 64626,
 -7675,
  7682,
   472,
   431,
   597,
   -93,
  8338,
-13689,
 69868,
 58298,
 -2577,
  6683,
   847,
   290,
   774,
  -864,
  8504,
-20486,
 73795,
 51157,
  1533,
  5483,
  1045,
   179,
   935,
 -1833,
  8031,
-27885,
 76226,
 43507,
  4643,
  4209,
  1102,
    82
