-435928,
102283,
514212,
291278,
-291278,
-514212,
-102283,
435928,
-484378,
-200635,
200635,
484378,
484378,
200635,
-200635,
-484378,
-514212,
-435928,
-291278,
-102283,
102283,
291278,
435928,
514212,
-524287,
-524287,
-524287,
-524287,
-524287,
-524287,
-524287,
-524287,
-514212,
-435928,
-291278,
-102283,
102283,
291278,
435928,
514212,
-484378,
-200635,
200635,
484378,
484378,
200635,
-200635,
-484378,
-435928,
102283,
514212,
291278,
-291278,
-514212,
-102283,
435928,
-370726,
370726,
370726,
-370726,
-370726,
370726,
370726,
-370726,
-291278,
514212,
-102283,
-435928,
435928,
102283,
-514212,
291278,
-200635,
484378,
-484378,
200635,
200635,
-484378,
484378,
-200635,
-102283,
291278,
-435928,
514212,
-514212,
435928,
-291278,
102283,
     0,
     0,
     0,
     0,
     0,
     0,
     0,
     0,
102283,
-291278,
435928,
-514212,
514212,
-435928,
291278,
-102283,
200635,
-484378,
484378,
-200635,
-200635,
484378,
-484378,
200635,
291278,
-514212,
102283,
435928,
-435928,
-102283,
514212,
-291278,
370726,
-370726,
-370726,
370726,
370726,
-370726,
-370726,
370726
