-1,
0,
-1,
0,
0,
0,
0,
-1,
-1,
2,
1,
0,
0,
-1,
0,
2,
0,
0,
1,
-1,
0,
0,
-1,
-1,
0,
-2,
-1,
0,
1,
0,
0,
1,
-1,
0,
1,
0,
0,
-1,
0,
0,
1,
0,
-1,
2,
0,
1,
0,
0,
0,
0,
0,
-1,
0,
-1,
-1,
0,
-1,
0,
0,
0,
0,
1,
0,
1,
0,
1,
1,
-1,
-1,
0,
0,
0,
0,
0,
0,
1,
1,
0,
1,
0,
0,
0,
0,
0,
0,
0,
0,
0,
-1,
0,
0,
0,
0,
-1,
1,
1,
0,
0,
0,
0,
-1,
0,
0,
1,
0,
0,
0,
0,
0,
0,
0,
1,
2,
1,
-1,
0,
0,
0,
0,
0,
0,
1,
0,
0,
0,
0,
0,
0,
0,
-1,
0,
2,
0,
1,
0,
0,
0,
0,
0,
0,
-1,
0,
-1,
-1,
0,
0,
0,
0,
1,
0,
-1,
0,
-2,
0,
-1,
0,
1,
0,
0,
1,
0,
0,
0,
0,
0,
1,
1,
-1,
1,
0,
1,
0,
0,
0,
0,
0,
0,
0,
0,
-1,
0,
-1,
0,
0,
-2,
0,
0,
0,
-1,
-2,
0,
0,
0,
0,
1,
0,
0,
0,
0,
-1,
0,
0,
0,
-1,
0,
0,
-1,
-1,
-1,
1,
0,
1,
0,
1,
0,
0,
0,
1,
0,
0,
0,
1,
0,
1,
0,
1,
-2,
1,
-2,
1,
0,
1,
0,
-1,
1,
0,
0,
-1,
0,
0,
0,
-1,
-1,
0,
-1,
0,
0,
0,
0,
0,
0,
1,
1,
0,
0,
1,
0,
1,
-1,
1,
0,
0,
1,
0,
-1,
1,
0,
2,
0,
0,
0,
1,
0,
1,
0,
1,
0,
0,
0,
0,
-1,
0,
1,
-1,
2,
-1,
0,
0,
0,
0,
0,
1,
0,
1,
-1,
1,
0,
1,
1,
1,
0,
1,
-1,
0,
-1,
1,
0,
0,
0,
-1,
-1,
0,
1,
0,
-1,
0,
0,
1,
-1,
1,
-1,
1,
0,
1,
-1,
0,
-1,
0,
0,
0,
-1,
1,
-1,
1,
-1,
2,
-1,
3,
-2,
2,
-2,
2,
-2,
3,
-4,
4,
-4,
4,
-5,
5,
-5,
7,
-5,
7,
-7,
8,
-10,
10,
-12,
12,
-13,
14,
-17,
17,
-18,
22,
-23,
24,
-27,
31,
-34,
38,
-43,
47,
-56,
64,
-76,
90,
-111,
143,
-196,
294,
-548,
2284,
7144,
-3167,
-7870,
-1595,
7347,
5136,
-4500,
-7734,
550,
7910,
3793,
-6067,
-6791,
2430,
8147,
1861,
-7047,
-5703,
4205,
7807,
-86,
-7864,
-4105,
5629,
7002,
-2084,
-8077,
-2266,
6918,
5977,
-3826,
-7859,
-274,
7556,
4376,
-5283,
-7218,
1571,
8020,
2621,
-6563,
-6165,
3321,
7796,
704,
-7431,
-4661,
4970,
7340,
-1087,
-7853,
-2983,
6328,
6350,
-2964,
-7947,
-1127,
7287,
4961,
-4659,
-7508,
649,
7813,
3341,
-6086,
-6542,
2586,
7945,
1660,
-7056,
-5287,
4321,
7603,
-276,
-7787,
-3695,
5881,
6813,
-2190,
-7971,
-2042,
6902,
5591,
-4017,
-7722,
-118,
7655,
4221,
-5472,
-7029,
1824,
7943,
2398,
-6698,
-5854,
3593,
7699,
510,
-7384,
-4443,
5029,
7066,
-1403,
-7843,
-2774,
6352,
6142,
-3205,
-7771,
-863,
7220,
4741,
-4707,
-7336,
974,
7798,
3076,
-6088,
-6378,
2711,
7748,
1260,
-7082,
-5030,
4406,
7455,
-573,
-7739,
-3443,
5897,
6599,
-2376,
-7889,
-1686,
6951,
5320,
-4108,
-7560,
87,
7574,
3837,
-5586,
-6771,
1999,
7848,
2181,
-6715,
-5648,
3784,
7645,
319,
-7477,
-4161,
5331,
6966,
-1623,
-7860,
-2611,
6504,
5879,
-3405,
-7563,
-673,
7184,
4526,
-4869,
-7048,
1199,
7634,
2889,
-6142,
-6031,
3057,
7669,
1056,
-7043,
-4809,
4523,
7191,
-819,
-7616,
-3219,
5874,
6361,
-2605,
-7722,
-1417,
6892,
5098,
-4183,
-7290,
462,
7592,
3558,
-5675,
-6606,
2121,
7695,
1811,
-6755,
-5387,
3876,
7504,
-29,
-7506,
-3909,
5354,
6780,
-1744,
-7717,
-2190,
6609,
5676,
-3538,
-7580,
-501,
7286,
4237,
-5118,
-6967,
1375,
7729,
2603,
-6387,
-5951,
3200,
7632,
865,
-7133,
-4537,
4828,
7091,
-1042,
-7631,
-3057,
6059,
6182,
-2892,
-7667,
-1232,
6964,
4972,
-4450,
-7290,
641,
7578,
3404,
-5822,
-6362,
2517,
7689,
1607,
-6815,
-5266,
4122,
7316,
-306,
-7373,
-3694,
5391,
6568,
-2031,
-7614,
-1932,
6551,
5455,
-3661,
-7336,
-117,
7298,
4003,
-5151,
-6746,
1585,
7537,
2286,
-6363,
-5710,
3306,
7482,
524,
-7164,
-4285,
4856,
6908,
-1168,
-7532,
-2704,
6161,
5922,
-2994,
-7545,
-1049,
6947,
4603,
-4570,
-7073,
799,
7516,
3030,
-5916,
-6155,
2607,
7573,
1412,
-6799,
-4892,
4281,
7193,
-459,
-7468,
-3512,
5651,
6402,
-2312,
-7606,
-1776,
6652,
5172,
-3922,
-7188,
78,
7238,
3804,
-5208,
-6443,
1913,
7461,
2074,
-6365,
-5513,
3525,
7307,
282,
-7090,
-4092,
4938,
6771,
-1477,
-7509,
-2459,
6153,
5766,
-3110,
-7303,
-654,
6951,
4371,
-4649,
-6886,
1105,
7411,
2774,
-5918,
-5954,
2784,
7440,
1056,
-6824,
-4643,
4358,
7032,
-605,
-7316,
-3131,
5702,
6130,
-2424,
-7444,
-1551,
6609,
4948,
-4046,
-7115,
256,
7291,
3465,
-5504,
-6385,
2050,
7468,
1914,
-6476,
-5192,
3718,
7098,
113,
-7046,
-3886,
5034,
6474,
-1677,
-7315,
-2208,
6167,
5398,
-3371,
-7203,
-473,
6906,
4154,
-4702,
-6610,
1308,
7336,
2597,
-5946,
-5750,
3002,
7271,
807,
-6757,
-4435,
4424,
6725,
-984,
-7262,
-2895,
5700,
5967,
-2533,
-7254,
-1178,
6628,
4705,
-4125,
-6970,
537,
7235,
3219,
-5512,
-6174,
2219,
7382,
1580,
-6506,
-4978,
3847,
7071,
-85,
-7083,
-3584,
5221,
6333,
-1863,
-7361,
-1910,
6357,
5259,
-3527,
-7163,
-292,
6994,
3889,
-4989,
-6512,
1518,
7351,
2441,
-6073,
-5551,
3221,
7203,
636,
-6833,
-4304,
4633,
6698,
-1144,
-7254,
-2746,
5836,
5735,
-2903,
-7291,
-1010,
6698,
4586,
-4358,
-6791,
797,
7102,
3010,
-5492,
-5941,
2430,
7213,
1326,
-6439,
-4769,
3910,
6814,
-436,
-7097,
-3322,
5304,
6171,
-1982,
-7189,
-1695,
6308,
5037,
-3619,
-7016,
26,
7016,
3654,
-5008,
-6337,
1638,
7164,
2019,
-6163,
-5309,
3306,
7084,
471,
-6810,
-3962,
4784,
6513,
-1288,
-7222,
-2430,
5969,
5557,
-2987,
-7129,
-813,
6665,
4243,
-4511,
-6629,
976,
7133,
2854,
-5662,
-5770,
2700,
7163,
1158,
-6525,
-4507,
4156,
6665,
-572,
-6968,
-3123,
5348,
5841,
-2315,
-7054,
-1472,
6252,
4830,
-3768,
-6786,
267,
6892,
3446,
-5035,
-6133,
1899,
7107,
1798,
-6114,
-5088,
3414,
6846,
109,
-6807,
-3741,
4806,
6313,
-1567,
-7085,
-2114,
5929,
5327,
-3089,
-6977,
-488,
6684,
4001,
-4529,
-6451,
1088,
7033,
2526,
-5754,
-5527,
2798,
7040,
976,
-6481,
-4294,
4262,
6601,
-743,
-7018,
-2831,
5524,
5746,
-2434,
-7069,
-1317,
6353,
4525,
-3938,
-6583,
414,
6845,
3223,
-5180,
-5873,
2122,
6974,
1625,
-6099,
-4746,
3659,
6698,
-74,
-6744,
-3547,
4851,
6009,
-1779,
-6959,
-1934,
5939,
5139,
-3290,
-6808,
-262,
6606,
3815,
-4618,
-6182,
1443,
6972,
2310,
-5745,
-5374,
2900,
6810,
604,
-6479,
-4070,
4335,
6416,
-1027,
-6906,
-2590,
5514,
5554,
-2595,
-6938,
-982,
6365,
4324,
-4064,
-6552,
565,
6817,
2918,
-5310,
-5718,
2253,
6960,
1320,
-6234,
-4586,
3758,
6639,
-245,
-6794,
-3226,
5129,
5949,
-1908,
-6963,
-1785,
6030,
4882,
-3513,
-6740,
-99,
6680,
3680,
-4772,
-6135,
1589,
6934,
2097,
-5845,
-5122,
3198,
6830,
450,
-6552,
-3951,
4555,
6241,
-1253,
-6808,
-2429,
5535,
5354,
-2790,
-6774,
-754,
6294,
4130,
-4121,
-6262,
919,
6761,
2693,
-5305,
-5556,
2357,
6752,
1101,
-6172,
-4385,
3843,
6492,
-506,
-6738,
-2994,
5133,
5746,
-2077,
-6787,
-1428,
6038,
4645,
-3585,
-6586,
80,
6601,
3335,
-4863,
-5894,
1737,
6849,
1781,
-5913,
-4897,
3280,
6669,
273,
-6515,
-3625,
4651,
6061,
-1416,
-6843,
-2270,
5652,
5164,
-2993,
-6706,
-601,
6382,
3875,
-4308,
-6093,
1032,
6638,
2503,
-5334,
-5238,
2653,
6660,
924,
-6119,
-4188,
3970,
6276,
-725,
-6614,
-2795,
5108,
5522,
-2264,
-6705,
-1233,
5985,
4434,
-3633,
-6337,
403,
6599,
3091,
-4932,
-5757,
1970,
6750,
1545,
-5849,
-4687,
3364,
6520,
-21,
-6524,
-3401,
4654,
5896,
-1526,
-6664,
-1876,
5731,
4931,
-3074,
-6583,
-438,
6329,
3686,
-4447,
-6058,
1196,
6719,
2258,
-5554,
-5164,
2780,
6625,
755,
-6201,
-3913,
4128,
6042,
-882,
-6512,
-2606,
5168,
5266,
-2468,
-6533,
-1052,
5949,
4118,
-3857,
-6188,
529,
6470,
2903,
-4966,
-5427,
2151,
6554,
1364,
-5809,
-4481,
3500,
6297,
-245,
-6397,
-3204,
4683,
5617,
-1806,
-6586,
-1680,
5683,
4720,
-3172,
-6355,
-98,
6317,
3473,
-4459,
-5860,
1450,
6581,
1964,
-5509,
-4950,
2872,
6479,
452,
-6206,
-3712,
4200,
5987,
-1008,
-6529,
-2346,
5339,
5137,
-2597,
-6557,
-784,
6086,
3959,
-3947,
-6132,
691,
6511,
2633,
-5128,
-5339,
2261,
6567,
1221,
-5895,
-4237,
3713,
6230,
-398,
-6467,
-3045,
4893,
5551,
-2003,
-6595,
-1538,
5769,
4489,
-3464,
-6334,
70,
6375,
3358,
-4634,
-5637,
1672,
6437,
1803,
-5509,
-4769,
3049,
6318,
242,
-6130,
-3535,
4285,
5729,
-1339,
-6462,
-2141,
5325,
4986,
-2688,
-6317,
-562,
6010,
3776,
-4022,
-5947,
955,
6401,
2400,
-5111,
-5150,
2410,
6395,
892,
-5895,
-4017,
3773,
6075,
-527,
-6320,
-2703,
4921,
5299,
-2089,
-6453,
-1228,
5780,
4255,
-3487,
-6161,
229,
6301,
2991,
-4759,
-5514,
1770,
6453,
1657,
-5589,
-4527,
3253,
6254,
99,
-6219,
-3286,
4414,
5546,
-1431,
-6309,
-1902,
5311,
4658,
-2903,
-6211,
-411,
5956,
3592,
-4134,
-5739,
1148,
6313,
2242,
-5123,
-4954,
2582,
6269,
699,
-5826,
-3829,
3816,
5800,
-854,
-6262,
-2491,
4910,
5157,
-2300,
-6312,
-995,
5698,
4066,
-3557,
-6012,
464,
6243,
2773,
-4754,
-5321,
1926,
6281,
1319,
-5587,
-4301,
3316,
6096,
-71,
-6112,
-3090,
4504,
5460,
-1612,
-6342,
-1644,
5478,
4530,
-3034,
-6172,
-257,
6035,
3333,
-4232,
-5497,
1280,
6214,
2059,
-5131,
-4683,
2719,
6080,
543,
-5786,
-3526,
3974,
5640,
-953,
-6141,
-2316,
4934,
4843,
-2456,
-6157,
-852,
5654,
3870,
-3667,
-5799,
665,
6116,
2590,
-4736,
-5033,
2133,
6185,
1145,
-5537,
-4093,
3356,
5857,
-371,
-6097,
-2861,
4559,
5324,
-1820,
-6245,
-1428,
5413,
4332,
-3115,
-6026,
20,
6028,
3144,
-4301,
-5452,
1408,
6164,
1734,
-5300,
-4561,
2841,
6101,
290,
-5913,
-3381,
4095,
5606,
-1106,
-6210,
-2092,
5135,
4778,
-2572,
-6128,
-694,
5727,
3644,
-3876,
-5697,
833,
6131,
2459,
-4867,
-4965,
2325,
6159,
991,
-5609,
-3878,
3637,
5828,
-498,
-6095,
-2737,
4687,
5055,
-1999,
-6043,
-1268,
5366,
4138,
-3233,
-5815,
230,
5903,
2955,
-4322,
-5183,
1665,
6077,
1553,
-5246,
-4361,
2930,
5868,
88,
-5833,
-3203,
4115,
5409,
-1339,
-6070,
-1817,
5082,
4572,
-2656,
-5948,
-396,
5724,
3429,
-3885,
-5525,
933,
6025,
2165,
-4926,
-4743,
2394,
6054,
728,
-5620,
-3655,
3646,
5662,
-641,
-6009,
-2426,
4732,
4924,
-2083,
-6061,
-1131,
5441,
3912,
-3424,
-5755,
366,
5992,
2686,
-4494,
-4986,
1794,
5967,
1390,
-5210,
-4063,
3131,
5725,
-65,
-5765,
-3032,
4181,
5151,
-1530,
-5937,
-1657,
5073,
4393,
-2806,
-5823,
-224,
5651,
3259,
-3952,
-5283,
1239,
5954,
1973,
-4902,
-4603,
2546,
5861,
507,
-5530,
-3485,
3710,
5484,
-881,
-5902,
-2208,
4711,
4744,
-2221,
-5891,
-824,
5429,
3703,
-3476,
-5603,
484,
5828,
2493,
-4541,
-4880,
1927,
5942,
1129,
-5323,
-3920,
3208,
5678,
-207,
-5813,
-2741,
4309,
4968,
-1594,
-5823,
-1490,
5040,
4081,
-2932,
-5639,
-90,
5604,
2976,
-4053,
-5110,
1321,
5806,
1748,
-4889,
-4283,
2675,
5710,
380,
-5477,
-3305,
3801,
5281,
-1054,
-5810,
-2066,
4727,
4487,
-2417,
-5750,
-649,
5362,
3520,
-3507,
-5336,
782,
5760,
2297,
-4520,
-4745,
2117,
5809,
910,
-5242,
-3737,
3271,
5528,
-425,
-5743,
-2552,
4373,
4900,
-1773,
-5783,
-1211,
5142,
3954,
-3048,
-5622,
172,
5679,
2821,
-4130,
-5031,
1482,
5838,
1515,
-5043,
-4167,
2796,
5678,
232,
-5546,
-3089,
3957,
5167,
-1203,
-5833,
-1934,
4817,
4399,
-2555,
-5710,
-508,
5431,
3306,
-3731,
-5289,
890,
5761,
2185,
-4674,
-4515,
2280,
5645,
787,
-5199,
-3552,
3370,
5324,
-612,
-5614,
-2379,
4346,
4623,
-1959,
-5682,
-1054,
5088,
3760,
-3087,
-5378,
343,
5597,
2625,
-4184,
-4890,
1667,
5734,
1315,
-4971,
-3982,
2871,
5467,
-59,
-5523,
-2892,
3954,
5002,
-1291,
-5659,
-1594,
4865,
4193,
-2609,
-5606,
-266,
5433,
3102,
-3763,
-5146,
1016,
5700,
1924,
-4713,
-4387,
2358,
5630,
638,
-5262,
-3346,
3559,
5233,
-765,
-5648,
-2140,
4438,
4427,
-2069,
-5539,
-890,
5036,
3486,
-3266,
-5236,
451,
5473,
2452,
-4198,
-4589,
1817,
5544,
1161,
-4916,
-3795,
2962,
5333,
-212,
-5414,
-2707,
3965,
4750,
-1528,
-5569,
-1424,
4806,
4008,
-2751,
-5418,
-70,
5340,
2942,
-3777,
-4956,
1229,
5565,
1660,
-4656,
-4191,
2431,
5450,
365,
-5248,
-3145,
3562,
5066,
-857,
-5524,
-1982,
4516,
4344,
-2194,
-5546,
-668,
5150,
3354,
-3338,
-5194,
591,
5480,
2193,
-4248,
-4407,
1866,
5428,
1011,
-4872,
-3505,
3066,
5155,
-325,
-5366,
-2419,
4105,
4567,
-1648,
-5455,
-1271,
4765,
3714,
-2862,
-5238,
56,
5275,
2776,
-3827,
-4714,
1398,
5436,
1516,
-4657,
-3918,
2623,
5302,
219,
-5172,
-2982,
3613,
4836,
-1133,
-5449,
-1804,
4490,
4210,
-2333,
-5359,
-461,
5057,
3189,
-3392,
-5017,
802,
5401,
2022,
-4314,
-4341,
2035,
5389,
750,
-4965,
-3385,
3175,
5139,
-541,
-5387,
-2260,
4143,
4474,
-1767,
-5438,
-1031,
4871,
3583,
-2936,
-5191,
190,
5310,
2527,
-4013,
-4653,
1492,
5445,
1394,
-4713,
-3815,
2743,
5268,
83,
-5236,
-2781,
3786,
4775,
-1230,
-5428,
-1644,
4613,
3975,
-2466,
-5201,
-350,
5003,
3015,
-3466,
-4820,
961,
5304,
1887,
-4315,
-4098,
2207,
5252,
590,
-4897,
-3212,
3203,
4869,
-714,
-5259,
-2098,
4123,
4336,
-1933,
-5304,
-833,
4789,
3415,
-3000,
-4982,
424,
5226,
2338,
-3994,
-4471,
1616,
5282,
1107,
-4696,
-3612,
2786,
5134,
-159,
-5185,
-2572,
3768,
4591,
-1352,
-5327,
-1387,
4604,
3807,
-2553,
-5187,
-210,
5066,
2816,
-3611,
-4716,
1095,
5345,
1627,
-4380,
-3887,
2256,
5102,
450,
-4843,
-2950,
3330,
4712,
-796,
-5133,
-1942,
4155,
4073,
-2060,
-5150,
-716,
4736,
3238,
-3072,
-4854,
560,
5115,
2164,
-3958,
-4210,
1783,
5173,
962,
-4633,
-3439,
2875,
4936,
-328,
-5097,
-2392,
3815,
4451,
-1521,
-5220,
-1199,
4526,
3630,
-2615,
-4982,
52,
5035,
2635,
-3606,
-4557,
1179,
5153,
1451,
-4431,
-3819,
2375,
5108,
245,
-4950,
-2830,
3430,
4691,
-933,
-5166,
-1725,
4194,
3895,
-2093,
-5003,
-570,
4676,
2978,
-3164,
-4654,
681,
5020,
1909,
-4025,
-4029,
1885,
5032,
809,
-4576,
-3170,
2968,
4761,
-407,
-4979,
-2230,
3820,
4171,
-1653,
-5041,
-1056,
4480,
3357,
-2741,
-4827,
179,
4927,
2462,
-3604,
-4320,
1391,
5062,
1292,
-4371,
-3641,
2499,
4924,
64,
-4852,
-2676,
3434,
4509,
-1117,
-5062,
-1510,
4235,
3810,
-2212,
-4952,
-331,
4765,
2862,
-3233,
-4621,
870,
5075,
1782,
-4098,
-3953,
1999,
5042,
604,
-4680,
-3048,
3033,
4720,
-537,
-4979,
-2008,
3942,
4108,
-1741,
-5048,
-939,
4533,
3258,
-2852,
-4793,
301,
4989,
2251,
-3818,
-4251,
1532,
5078,
1184,
-4444,
-3411,
2613,
4741,
-47,
-4782,
-2519,
3467,
4276,
-1267,
-4931,
-1377,
4227,
3553,
-2381,
-4810,
-195,
4689,
2703,
-3275,
-4385,
1025,
4943,
1640,
-4073,
-3820,
2118,
4862,
416,
-4588,
-2893,
3083,
4488,
-760,
-4884,
-1843,
3914,
3939,
-1845,
-4891,
-678,
4505,
3070,
-2882,
-4658,
490,
4884,
2048,
-3755,
-4060,
1602,
4933,
938,
-4422,
-3251,
2665,
4710,
-175,
-4817,
-2286,
3635,
4219,
-1348,
-4954,
-1163,
4235,
3345,
-2410,
-4665,
-70,
4627,
2456,
-3347,
-4217,
1087,
4794,
1452,
-4067,
-3556,
2216,
4717,
312,
-4528,
-2727,
3140,
4360,
-871,
-4796,
-1708,
3902,
3709,
-1995,
-4753,
-538,
4430,
2916,
-2959,
-4439,
661,
4750,
1899,
-3732,
-3920,
1745,
4800,
756,
-4332,
-3092,
2714,
4510,
-386,
-4730,
-2112,
3613,
4044,
-1462,
-4775,
-1003,
4247,
3270,
-2519,
-4648,
144,
4693,
2327,
-3412,
-4154,
1231,
4791,
1241,
-4057,
-3352,
2244,
4572,
187,
-4462,
-2482,
3185,
4156,
-967,
-4705,
-1439,
3936,
3512,
-2039,
-4601,
-409,
4370,
2664,
-3005,
-4256,
721,
4634,
1752,
-3752,
-3671,
1857,
4646,
648,
-4283,
-2840,
2818,
4363,
-496,
-4622,
-1951,
3574,
3800,
-1612,
-4668,
-868,
4178,
3103,
-2594,
-4456,
294,
4601,
2161,
-3445,
-4018,
1374,
4714,
1079,
-4084,
-3274,
2359,
4494,
-47,
-4540,
-2380,
3250,
4127,
-1152,
-4700,
-1289,
3991,
3448,
-2145,
-4607,
-222,
4466,
2555,
-3094,
-4236,
842,
4661,
1563,
-3871,
-3608,
1943,
4626,
525,
-4324,
-2751,
2924,
4305,
-626,
-4646,
-1770,
3725,
3727,
-1745,
-4655,
-748,
4239,
2895,
-2686,
-4275,
361,
4481,
2009,
-3437,
-3757,
1487,
4538,
948,
-4035,
-3017,
2469,
4341,
-160,
-4431,
-2217,
3242,
3890,
-1250,
-4558,
-1166,
3935,
3276,
-2252,
-4429,
-57,
4367,
2409,
-3096,
-4002,
1034,
4544,
1367,
-3816,
-3428,
1993,
4458,
295,
-4289,
-2574,
2909,
4157,
-781,
-4567,
-1606,
3687,
3562,
-1799,
-4540,
-543,
4214,
2739,
-2732,
-4248,
484,
4479,
1806,
-3541,
-3699,
1561,
4561,
750,
-4035,
-2821,
2482,
4201,
-269,
-4363,
-1970,
3340,
3718,
-1337,
-4443,
-1034,
3881,
3024,
-2332,
-4263,
47,
4292,
2257,
-3112,
-3837,
1136,
4423,
1237,
-3791,
-3191,
2137,
4318,
175,
-4208,
-2428,
2967,
3949,
-926,
-4430,
-1474,
3653,
3427,
-1899,
-4365,
-375,
4120,
2596,
-2770,
-4027,
684,
4382,
1651,
-3511,
-3533,
1653,
4389,
610,
-4043,
-2757,
2588,
4180,
-442,
-4382,
-1836,
3369,
3641,
-1438,
-4399,
-827,
3961,
2924,
-2394,
-4228,
158,
4325,
2052,
-3265,
-3784,
1212,
4440,
1056,
-3878,
-3089,
2222,
4296,
64,
-4264,
-2263,
3085,
3885,
-1004,
-4415,
-1332,
3745,
3274,
-2038,
-4344,
-293,
4186,
2422,
-2859,
-3882,
769,
4298,
1526,
-3491,
-3316,
1785,
4248,
483,
-3962,
-2608,
2646,
3975,
-593,
-4252,
-1700,
3341,
3506,
-1564,
-4293,
-676,
3875,
2768,
-2428,
-4036,
344,
4234,
1893,
-3234,
-3626,
1364,
4301,
884,
-3794,
-2927,
2253,
4157,
-126,
-4200,
-2085,
3054,
3719,
-1102,
-4286,
-1105,
3720,
3082,
-2066,
-4198,
-173,
4098,
2283,
-2924,
-3822,
888,
4326,
1324,
-3618,
-3225,
1873,
4227,
377,
-4019,
-2419,
2692,
3788,
-637,
-4136,
-1563,
3347,
3277,
-1660,
-4143,
-577,
3821,
2529,
-2513,
-3890,
439,
4123,
1743,
-3188,
-3390,
1440,
4164,
772,
-3729,
-2765,
2312,
3972,
-259,
-4100,
-1931,
3083,
3508,
-1266,
-4189,
-972,
3649,
2918,
-2104,
-4006,
43,
4047,
2123,
-2897,
-3680,
1023,
4193,
1150,
-3560,
-3077,
1916,
4109,
196,
-3982,
-2276,
2758,
3776,
-748,
-4156,
-1394,
3448,
3223,
-1731,
-4141,
-379,
3808,
2350,
-2515,
-3730,
546,
4011,
1534,
-3223,
-3222,
1507,
4030,
640,
-3658,
-2539,
2379,
3802,
-322,
-3984,
-1779,
3048,
3344,
-1326,
-4029,
-849,
3591,
2683,
-2200,
-3832,
90,
3947,
2063,
-3249,
-1485,
540,
-288,
162,
-57,
11,
-18,
17,
-16,
13,
-12,
11,
-9,
9,
-8,
7,
-6,
6,
-5,
4,
-5,
4,
-3,
3,
-4,
3,
-3,
3,
-3,
2,
-4,
3,
-2,
2,
-2,
1,
-2,
1,
-1,
1,
-1,
2,
-2,
0,
-1,
0,
0,
-1,
0,
1,
-1,
1,
-1,
0,
1,
0,
0,
1,
-1,
0,
0,
0,
0,
-1,
0,
0,
-1,
0,
1,
0,
-1,
1,
0,
1,
0,
0,
0,
0,
0,
0,
1,
0,
0,
0,
0,
0,
0,
0,
0,
0,
0,
0,
1,
0,
1,
0,
0,
-1,
0,
1,
0,
0,
-1,
1,
-1,
0,
1,
0,
-1,
0,
0,
0,
-1,
0,
1,
-1,
-1,
0,
0,
0,
1,
0,
0,
1,
1,
0,
-1,
0,
-2,
0,
0,
0,
-1,
-1,
0,
0,
-1,
1,
-1,
0,
1,
0,
0,
0,
0,
0,
0,
0,
1,
0,
1,
1,
1,
0,
0,
0,
0,
0,
-1,
1,
-1,
-1,
0,
0,
0,
2,
-1,
0,
-2,
1,
0,
0,
-2,
0,
-1,
1,
0,
0,
0,
-1,
1,
0,
0,
1,
1,
0,
-1,
0,
1,
0,
0,
-1,
-1,
0,
-1,
0,
0,
0,
-1,
0,
0,
0,
0,
0,
0,
1,
-1,
1,
0,
-1,
-1,
1,
1,
1,
0,
1,
0,
1,
0,
0,
0,
0,
0,
-1,
0,
0,
1,
0,
0,
0,
0,
1,
0,
0,
0,
1,
1,
0,
0,
1,
0,
1,
0,
-1,
0,
0,
0,
0,
0,
0,
0,
0,
0,
1,
1,
0,
0,
0,
0,
0,
0,
0,
0,
0,
1,
0,
0,
0,
-1,
1,
1,
1,
1,
0,
0,
0,
-1,
0,
0,
-1,
-1,
0,
0,
0,
1,
1,
-1,
-1,
0,
1,
0,
0,
1,
0,
0,
0,
0,
-1,
0,
0,
2,
-1,
1,
2,
0,
0,
1,
0,
-1,
-1,
0,
0,
0,
-1,
0,
0,
0,
0,
0,
1,
1,
0,
0,
-1,
0,
0,
1,
-1,
-1,
0,
1,
0,
0,
-1,
0,
1,
0,
0,
1,
0,
0,
0,
1,
1,
0,
0,
1,
0,
0,
1,
0,
1,
0,
-1,
-1,
0,
0,
0,
0,
0,
0,
-1,
-1,
1,
0,
1,
0,
1,